Temperature (K)	Pressure (bar)	Density (kg/m3)	Volume (m3/kg)	Internal Energy (kJ/kg)	Enthalpy (kJ/kg)	Entropy (J/g*K)	Cv (J/g*K)	Cp (J/g*K)	Sound Spd. (m/s)	Joule-Thomson (K/bar)	Viscosity (Pa*s)	Therm. Cond. (W/m*K)	Phase
33.500	30.000	56.571	0.017677	138.25	191.29	5.4286	6.3975	18.195	856.19	0.023149	7.0301e-06	0.10033	supercritical
34.500	30.000	54.368	0.018393	155.13	210.31	5.9881	6.4467	19.917	812.88	0.043776	6.5722e-06	0.098097	supercritical
35.500	30.000	51.909	0.019264	173.46	231.25	6.5862	6.5044	22.031	767.44	0.068243	6.1175e-06	0.095506	supercritical
36.500	30.000	49.145	0.020348	193.48	254.53	7.2327	6.5749	24.600	720.69	0.097359	5.6636e-06	0.092500	supercritical
37.500	30.000	46.040	0.021720	215.42	280.58	7.9367	6.6613	27.546	674.51	0.13152	5.2127e-06	0.089032	supercritical
38.500	30.000	42.618	0.023464	239.21	309.61	8.7004	6.7599	30.439	632.37	0.16990	4.7758e-06	0.085103	supercritical
39.500	30.000	39.018	0.025629	264.27	341.16	9.5093	6.8538	32.429	598.50	0.20967	4.3754e-06	0.080812	supercritical
40.500	30.000	35.495	0.028173	289.39	373.91	10.328	6.9177	32.785	575.53	0.24677	4.0362e-06	0.076406	supercritical
41.500	30.000	32.297	0.030962	313.31	406.19	11.116	6.9377	31.566	562.76	0.27778	3.7712e-06	0.072228	supercritical
42.500	30.000	29.548	0.033843	335.22	436.74	11.843	6.9205	29.449	557.52	0.30114	3.5758e-06	0.068568	supercritical
43.500	30.000	27.248	0.036699	354.93	465.02	12.501	6.8825	27.118	557.16	0.31702	3.4365e-06	0.065554	supercritical
44.500	30.000	25.335	0.039471	372.63	491.04	13.092	6.8370	24.961	559.74	0.32664	3.3388e-06	0.063171	supercritical
45.500	30.000	23.733	0.042135	388.65	515.05	13.626	6.7920	23.113	564.08	0.33146	3.2709e-06	0.061327	supercritical
46.500	30.000	22.375	0.044692	403.30	537.37	14.111	6.7506	21.576	569.45	0.33281	3.2244e-06	0.059917	supercritical
47.500	30.000	21.209	0.047149	416.85	558.29	14.557	6.7141	20.308	575.44	0.33168	3.1935e-06	0.058839	supercritical
48.500	30.000	20.195	0.049517	429.51	578.06	14.968	6.6824	19.259	581.78	0.32884	3.1741e-06	0.058007	supercritical
49.500	30.000	19.303	0.051806	441.45	596.87	15.352	6.6551	18.384	588.32	0.32481	3.1634e-06	0.057300	supercritical
50.500	30.000	18.510	0.054026	452.80	614.88	15.713	6.6317	17.649	594.94	0.31997	3.1594e-06	0.056851	supercritical
51.500	30.000	17.798	0.056185	463.65	632.20	16.052	6.6117	17.024	601.60	0.31459	3.1607e-06	0.056701	supercritical
52.500	30.000	17.156	0.058290	474.08	648.95	16.374	6.5946	16.489	608.24	0.30885	3.1661e-06	0.056634	supercritical
53.500	30.000	16.571	0.060347	484.16	665.21	16.681	6.5801	16.026	614.83	0.30290	3.1749e-06	0.056636	supercritical
54.500	30.000	16.035	0.062362	493.94	681.02	16.974	6.5680	15.622	621.36	0.29682	3.1865e-06	0.056696	supercritical
55.500	30.000	15.543	0.064339	503.45	696.47	17.255	6.5579	15.268	627.82	0.29069	3.2003e-06	0.056804	supercritical
56.500	30.000	15.087	0.066281	512.73	711.57	17.525	6.5496	14.955	634.19	0.28455	3.2160e-06	0.056955	supercritical
57.500	30.000	14.664	0.068192	521.81	726.39	17.785	6.5430	14.678	640.47	0.27845	3.2333e-06	0.057141	supercritical
58.500	30.000	14.270	0.070075	530.71	740.94	18.035	6.5380	14.430	646.66	0.27241	3.2519e-06	0.057358	supercritical
59.500	30.000	13.902	0.071933	539.46	755.26	18.278	6.5345	14.207	652.76	0.26644	3.2717e-06	0.057602	supercritical
60.500	30.000	13.556	0.073766	548.06	769.36	18.513	6.5324	14.007	658.76	0.26056	3.2924e-06	0.057871	supercritical
61.500	30.000	13.231	0.075578	556.54	783.28	18.741	6.5316	13.826	664.67	0.25479	3.3140e-06	0.058160	supercritical
62.500	30.000	12.925	0.077370	564.91	797.02	18.963	6.5321	13.662	670.49	0.24912	3.3363e-06	0.058468	supercritical
63.500	30.000	12.635	0.079144	573.17	810.61	19.179	6.5337	13.513	676.21	0.24356	3.3592e-06	0.058793	supercritical
64.500	30.000	12.361	0.080900	581.35	824.05	19.389	6.5366	13.378	681.84	0.23811	3.3827e-06	0.059134	supercritical
65.500	30.000	12.101	0.082640	589.44	837.37	19.594	6.5406	13.254	687.38	0.23277	3.4067e-06	0.059488	supercritical
66.500	30.000	11.853	0.084366	597.46	850.56	19.794	6.5457	13.142	692.84	0.22755	3.4311e-06	0.059855	supercritical
67.500	30.000	11.617	0.086077	605.42	863.65	19.989	6.5518	13.038	698.20	0.22243	3.4558e-06	0.060234	supercritical
68.500	30.000	11.393	0.087776	613.31	876.64	20.180	6.5591	12.944	703.49	0.21743	3.4809e-06	0.060623	supercritical
69.500	30.000	11.178	0.089462	621.16	889.54	20.367	6.5673	12.858	708.69	0.21254	3.5062e-06	0.061022	supercritical
70.500	30.000	10.972	0.091137	628.95	902.36	20.550	6.5765	12.779	713.81	0.20776	3.5318e-06	0.061430	supercritical
71.500	30.000	10.776	0.092801	636.70	915.10	20.730	6.5866	12.706	718.85	0.20308	3.5576e-06	0.061847	supercritical
72.500	30.000	10.587	0.094455	644.41	927.77	20.906	6.5977	12.640	723.82	0.19850	3.5836e-06	0.062272	supercritical
73.500	30.000	10.406	0.096099	652.09	940.38	21.078	6.6097	12.579	728.71	0.19403	3.6098e-06	0.062705	supercritical
74.500	30.000	10.232	0.097734	659.73	952.93	21.248	6.6226	12.524	733.53	0.18965	3.6361e-06	0.063144	supercritical
75.500	30.000	10.064	0.099361	667.35	965.43	21.415	6.6363	12.473	738.28	0.18538	3.6626e-06	0.063590	supercritical
76.500	30.000	9.9031	0.10098	674.95	977.88	21.578	6.6509	12.427	742.95	0.18120	3.6891e-06	0.064043	supercritical
77.500	30.000	9.7476	0.10259	682.52	990.29	21.739	6.6663	12.385	747.57	0.17711	3.7158e-06	0.064502	supercritical
78.500	30.000	9.5976	0.10419	690.08	1002.7	21.898	6.6825	12.347	752.12	0.17311	3.7425e-06	0.064967	supercritical
79.500	30.000	9.4528	0.10579	697.62	1015.0	22.054	6.6994	12.312	756.60	0.16920	3.7693e-06	0.065437	supercritical
80.500	30.000	9.3129	0.10738	705.14	1027.3	22.208	6.7170	12.281	761.02	0.16538	3.7962e-06	0.065913	supercritical
81.500	30.000	9.1776	0.10896	712.66	1039.5	22.359	6.7354	12.253	765.39	0.16164	3.8231e-06	0.066394	supercritical
82.500	30.000	9.0467	0.11054	720.17	1051.8	22.508	6.7544	12.228	769.70	0.15798	3.8501e-06	0.066880	supercritical
83.500	30.000	8.9199	0.11211	727.68	1064.0	22.656	6.7740	12.206	773.95	0.15440	3.8771e-06	0.067371	supercritical
84.500	30.000	8.7970	0.11367	735.18	1076.2	22.801	6.7943	12.187	778.14	0.15091	3.9041e-06	0.067867	supercritical
85.500	30.000	8.6779	0.11524	742.67	1088.4	22.944	6.8152	12.170	782.29	0.14748	3.9312e-06	0.068367	supercritical
86.500	30.000	8.5624	0.11679	750.17	1100.5	23.086	6.8367	12.155	786.38	0.14414	3.9583e-06	0.068872	supercritical
87.500	30.000	8.4502	0.11834	757.67	1112.7	23.225	6.8587	12.142	790.43	0.14087	3.9853e-06	0.069381	supercritical
88.500	30.000	8.3412	0.11989	765.17	1124.8	23.363	6.8813	12.132	794.42	0.13766	4.0124e-06	0.069895	supercritical
89.500	30.000	8.2354	0.12143	772.67	1137.0	23.499	6.9043	12.123	798.37	0.13453	4.0395e-06	0.070412	supercritical
90.500	30.000	8.1324	0.12296	780.18	1149.1	23.634	6.9278	12.116	802.28	0.13147	4.0666e-06	0.070934	supercritical
91.500	30.000	8.0323	0.12450	787.69	1161.2	23.767	6.9518	12.111	806.14	0.12847	4.0936e-06	0.071460	supercritical
92.500	30.000	7.9349	0.12603	795.22	1173.3	23.899	6.9762	12.108	809.96	0.12554	4.1207e-06	0.071990	supercritical
93.500	30.000	7.8400	0.12755	802.75	1185.4	24.029	7.0010	12.106	813.74	0.12267	4.1477e-06	0.072523	supercritical
94.500	30.000	7.7476	0.12907	810.29	1197.5	24.158	7.0261	12.105	817.48	0.11986	4.1748e-06	0.073061	supercritical
95.500	30.000	7.6576	0.13059	817.84	1209.6	24.285	7.0517	12.106	821.19	0.11712	4.2018e-06	0.073602	supercritical
96.500	30.000	7.5698	0.13210	825.41	1221.7	24.411	7.0775	12.108	824.85	0.11443	4.2288e-06	0.074146	supercritical
97.500	30.000	7.4842	0.13361	832.99	1233.8	24.536	7.1037	12.112	828.48	0.11180	4.2557e-06	0.074695	supercritical
98.500	30.000	7.4007	0.13512	840.58	1245.9	24.660	7.1301	12.116	832.08	0.10922	4.2827e-06	0.075246	supercritical
99.500	30.000	7.3192	0.13663	848.18	1258.1	24.782	7.1568	12.122	835.64	0.10671	4.3096e-06	0.075801	supercritical
100.50	30.000	7.2396	0.13813	855.80	1270.2	24.903	7.1838	12.129	839.18	0.10424	4.3365e-06	0.076360	supercritical
101.50	30.000	7.1619	0.13963	863.44	1282.3	25.024	7.2109	12.136	842.68	0.10183	4.3633e-06	0.076921	supercritical
102.50	30.000	7.0860	0.14112	871.09	1294.5	25.143	7.2383	12.145	846.15	0.099465	4.3901e-06	0.077486	supercritical
103.50	30.000	7.0118	0.14262	878.76	1306.6	25.261	7.2659	12.154	849.59	0.097153	4.4169e-06	0.078054	supercritical
104.50	30.000	6.9393	0.14411	886.45	1318.8	25.377	7.2936	12.164	853.00	0.094890	4.4436e-06	0.078625	supercritical
105.50	30.000	6.8683	0.14560	894.15	1330.9	25.493	7.3215	12.175	856.39	0.092674	4.4704e-06	0.079199	supercritical
106.50	30.000	6.7990	0.14708	901.87	1343.1	25.608	7.3495	12.187	859.75	0.090504	4.4970e-06	0.079776	supercritical
107.50	30.000	6.7311	0.14856	909.62	1355.3	25.722	7.3776	12.199	863.09	0.088380	4.5237e-06	0.080356	supercritical
108.50	30.000	6.6646	0.15005	917.38	1367.5	25.835	7.4058	12.212	866.40	0.086300	4.5503e-06	0.080938	supercritical
109.50	30.000	6.5996	0.15152	925.16	1379.7	25.947	7.4341	12.225	869.68	0.084263	4.5768e-06	0.081523	supercritical
110.50	30.000	6.5359	0.15300	932.96	1392.0	26.059	7.4625	12.239	872.95	0.082268	4.6033e-06	0.082111	supercritical
111.50	30.000	6.4735	0.15448	940.78	1404.2	26.169	7.4909	12.254	876.19	0.080315	4.6298e-06	0.082701	supercritical
112.50	30.000	6.4124	0.15595	948.63	1416.5	26.278	7.5194	12.268	879.41	0.078401	4.6562e-06	0.083294	supercritical
113.50	30.000	6.3524	0.15742	956.49	1428.8	26.387	7.5479	12.284	882.61	0.076527	4.6826e-06	0.083889	supercritical
114.50	30.000	6.2937	0.15889	964.38	1441.0	26.495	7.5763	12.300	885.79	0.074691	4.7090e-06	0.084487	supercritical
115.50	30.000	6.2361	0.16036	972.28	1453.3	26.602	7.6048	12.316	888.95	0.072892	4.7353e-06	0.085086	supercritical
116.50	30.000	6.1797	0.16182	980.21	1465.7	26.708	7.6333	12.332	892.10	0.071129	4.7616e-06	0.085688	supercritical
117.50	30.000	6.1243	0.16328	988.16	1478.0	26.814	7.6617	12.349	895.22	0.069402	4.7878e-06	0.086292	supercritical
118.50	30.000	6.0699	0.16475	996.13	1490.4	26.918	7.6901	12.366	898.33	0.067710	4.8140e-06	0.086899	supercritical
119.50	30.000	6.0166	0.16621	1004.1	1502.7	27.022	7.7185	12.384	901.42	0.066052	4.8401e-06	0.087507	supercritical
120.50	30.000	5.9643	0.16766	1012.1	1515.1	27.126	7.7468	12.402	904.49	0.064426	4.8662e-06	0.088116	supercritical
121.50	30.000	5.9129	0.16912	1020.2	1527.6	27.228	7.7750	12.419	907.54	0.062833	4.8922e-06	0.088728	supercritical
122.50	30.000	5.8625	0.17058	1028.2	1540.0	27.330	7.8031	12.438	910.58	0.061271	4.9182e-06	0.089342	supercritical
123.50	30.000	5.8129	0.17203	1036.3	1552.4	27.431	7.8312	12.456	913.61	0.059740	4.9442e-06	0.089957	supercritical
124.50	30.000	5.7642	0.17348	1044.4	1564.9	27.532	7.8591	12.474	916.62	0.058238	4.9701e-06	0.090573	supercritical
125.50	30.000	5.7164	0.17493	1052.6	1577.4	27.632	7.8870	12.493	919.62	0.056766	4.9960e-06	0.091192	supercritical
126.50	30.000	5.6694	0.17638	1060.7	1589.9	27.731	7.9147	12.512	922.60	0.055323	5.0218e-06	0.091811	supercritical
127.50	30.000	5.6233	0.17783	1068.9	1602.4	27.829	7.9423	12.531	925.57	0.053907	5.0476e-06	0.092432	supercritical
128.50	30.000	5.5779	0.17928	1077.1	1614.9	27.927	7.9698	12.550	928.52	0.052518	5.0733e-06	0.093055	supercritical
129.50	30.000	5.5333	0.18073	1085.3	1627.5	28.025	7.9972	12.569	931.46	0.051156	5.0990e-06	0.093678	supercritical
130.50	30.000	5.4894	0.18217	1093.6	1640.1	28.121	8.0244	12.588	934.39	0.049820	5.1246e-06	0.094303	supercritical
131.50	30.000	5.4462	0.18361	1101.8	1652.7	28.218	8.0515	12.607	937.31	0.048509	5.1502e-06	0.094929	supercritical
132.50	30.000	5.4038	0.18506	1110.1	1665.3	28.313	8.0784	12.626	940.22	0.047223	5.1758e-06	0.095555	supercritical
133.50	30.000	5.3620	0.18650	1118.4	1677.9	28.408	8.1052	12.646	943.11	0.045960	5.2013e-06	0.096183	supercritical
134.50	30.000	5.3209	0.18794	1126.8	1690.6	28.503	8.1318	12.665	946.00	0.044721	5.2268e-06	0.096812	supercritical
135.50	30.000	5.2805	0.18938	1135.1	1703.3	28.597	8.1582	12.684	948.87	0.043506	5.2522e-06	0.097441	supercritical
136.50	30.000	5.2407	0.19081	1143.5	1716.0	28.690	8.1844	12.704	951.73	0.042312	5.2776e-06	0.098071	supercritical
137.50	30.000	5.2016	0.19225	1151.9	1728.7	28.783	8.2105	12.723	954.58	0.041140	5.3029e-06	0.098702	supercritical
138.50	30.000	5.1630	0.19369	1160.3	1741.4	28.875	8.2364	12.742	957.42	0.039990	5.3282e-06	0.099333	supercritical
139.50	30.000	5.1250	0.19512	1168.8	1754.1	28.967	8.2622	12.762	960.25	0.038860	5.3534e-06	0.099965	supercritical
140.50	30.000	5.0876	0.19655	1177.3	1766.9	29.058	8.2877	12.781	963.07	0.037751	5.3786e-06	0.10060	supercritical
141.50	30.000	5.0508	0.19799	1185.7	1779.7	29.149	8.3131	12.800	965.88	0.036662	5.4038e-06	0.10123	supercritical
142.50	30.000	5.0146	0.19942	1194.3	1792.5	29.239	8.3382	12.819	968.68	0.035592	5.4289e-06	0.10186	supercritical
143.50	30.000	4.9788	0.20085	1202.8	1805.4	29.329	8.3632	12.839	971.47	0.034541	5.4540e-06	0.10250	supercritical
144.50	30.000	4.9436	0.20228	1211.4	1818.2	29.418	8.3880	12.858	974.26	0.033508	5.4790e-06	0.10313	supercritical
145.50	30.000	4.9089	0.20371	1219.9	1831.1	29.507	8.4126	12.877	977.03	0.032494	5.5040e-06	0.10377	supercritical
146.50	30.000	4.8748	0.20514	1228.5	1844.0	29.595	8.4369	12.896	979.80	0.031497	5.5289e-06	0.10440	supercritical
147.50	30.000	4.8411	0.20657	1237.2	1856.9	29.683	8.4611	12.914	982.55	0.030517	5.5538e-06	0.10503	supercritical
148.50	30.000	4.8079	0.20799	1245.8	1869.8	29.770	8.4851	12.933	985.30	0.029554	5.5786e-06	0.10567	supercritical
149.50	30.000	4.7751	0.20942	1254.5	1882.7	29.857	8.5089	12.952	988.04	0.028608	5.6035e-06	0.10630	supercritical
150.50	30.000	4.7429	0.21084	1263.2	1895.7	29.943	8.5324	12.971	990.78	0.027678	5.6282e-06	0.10694	supercritical
151.50	30.000	4.7110	0.21227	1271.9	1908.7	30.029	8.5558	12.989	993.50	0.026763	5.6529e-06	0.10757	supercritical
152.50	30.000	4.6796	0.21369	1280.6	1921.7	30.115	8.5789	13.007	996.22	0.025864	5.6776e-06	0.10820	supercritical
153.50	30.000	4.6487	0.21511	1289.3	1934.7	30.200	8.6019	13.026	998.93	0.024979	5.7023e-06	0.10884	supercritical
154.50	30.000	4.6182	0.21654	1298.1	1947.7	30.284	8.6246	13.044	1001.6	0.024110	5.7269e-06	0.10947	supercritical
155.50	30.000	4.5880	0.21796	1306.9	1960.8	30.369	8.6471	13.062	1004.3	0.023255	5.7514e-06	0.11010	supercritical
156.50	30.000	4.5583	0.21938	1315.7	1973.8	30.452	8.6694	13.080	1007.0	0.022413	5.7759e-06	0.11074	supercritical
157.50	30.000	4.5290	0.22080	1324.5	1986.9	30.536	8.6915	13.098	1009.7	0.021586	5.8004e-06	0.11137	supercritical
158.50	30.000	4.5001	0.22222	1333.4	2000.0	30.619	8.7134	13.115	1012.4	0.020772	5.8249e-06	0.11200	supercritical
159.50	30.000	4.4715	0.22364	1342.2	2013.2	30.701	8.7351	13.133	1015.0	0.019971	5.8493e-06	0.11263	supercritical
160.50	30.000	4.4433	0.22506	1351.1	2026.3	30.783	8.7566	13.150	1017.7	0.019182	5.8736e-06	0.11326	supercritical
161.50	30.000	4.4155	0.22647	1360.0	2039.5	30.865	8.7779	13.168	1020.3	0.018407	5.8979e-06	0.11389	supercritical
162.50	30.000	4.3881	0.22789	1369.0	2052.6	30.946	8.7989	13.185	1023.0	0.017643	5.9222e-06	0.11452	supercritical
163.50	30.000	4.3610	0.22931	1377.9	2065.8	31.027	8.8197	13.202	1025.6	0.016892	5.9464e-06	0.11515	supercritical
164.50	30.000	4.3342	0.23072	1386.9	2079.0	31.108	8.8404	13.219	1028.3	0.016152	5.9706e-06	0.11578	supercritical
165.50	30.000	4.3078	0.23214	1395.9	2092.3	31.188	8.8608	13.236	1030.9	0.015424	5.9948e-06	0.11640	supercritical
166.50	30.000	4.2817	0.23355	1404.9	2105.5	31.268	8.8810	13.252	1033.5	0.014706	6.0189e-06	0.11703	supercritical
167.50	30.000	4.2559	0.23497	1413.9	2118.8	31.347	8.9010	13.269	1036.1	0.014000	6.0430e-06	0.11766	supercritical
168.50	30.000	4.2305	0.23638	1422.9	2132.0	31.426	8.9208	13.285	1038.7	0.013305	6.0670e-06	0.11828	supercritical
169.50	30.000	4.2053	0.23779	1432.0	2145.3	31.505	8.9404	13.301	1041.3	0.012620	6.0910e-06	0.11891	supercritical
170.50	30.000	4.1805	0.23921	1441.0	2158.6	31.583	8.9598	13.317	1043.9	0.011945	6.1150e-06	0.11953	supercritical
171.50	30.000	4.1560	0.24062	1450.1	2172.0	31.661	8.9790	13.333	1046.5	0.011281	6.1389e-06	0.12015	supercritical
172.50	30.000	4.1317	0.24203	1459.2	2185.3	31.739	8.9980	13.349	1049.1	0.010626	6.1628e-06	0.12077	supercritical
173.50	30.000	4.1078	0.24344	1468.4	2198.7	31.816	9.0168	13.365	1051.7	0.0099812	6.1866e-06	0.12139	supercritical
174.50	30.000	4.0841	0.24485	1477.5	2212.0	31.893	9.0353	13.380	1054.3	0.0093456	6.2104e-06	0.12201	supercritical
175.50	30.000	4.0607	0.24626	1486.6	2225.4	31.969	9.0537	13.396	1056.8	0.0087193	6.2342e-06	0.12263	supercritical
176.50	30.000	4.0376	0.24767	1495.8	2238.8	32.045	9.0719	13.411	1059.4	0.0081021	6.2579e-06	0.12325	supercritical
177.50	30.000	4.0148	0.24908	1505.0	2252.3	32.121	9.0899	13.426	1061.9	0.0074937	6.2816e-06	0.12387	supercritical
178.50	30.000	3.9922	0.25049	1514.2	2265.7	32.197	9.1077	13.441	1064.5	0.0068940	6.3053e-06	0.12448	supercritical
179.50	30.000	3.9699	0.25190	1523.4	2279.1	32.272	9.1252	13.456	1067.0	0.0063029	6.3289e-06	0.12510	supercritical
180.50	30.000	3.9478	0.25331	1532.7	2292.6	32.347	9.1426	13.471	1069.6	0.0057201	6.3525e-06	0.12571	supercritical
181.50	30.000	3.9260	0.25471	1541.9	2306.1	32.421	9.1598	13.485	1072.1	0.0051454	6.3761e-06	0.12632	supercritical
182.50	30.000	3.9044	0.25612	1551.2	2319.6	32.495	9.1768	13.499	1074.6	0.0045788	6.3996e-06	0.12693	supercritical
183.50	30.000	3.8831	0.25753	1560.5	2333.1	32.569	9.1936	13.514	1077.2	0.0040200	6.4231e-06	0.12754	supercritical
184.50	30.000	3.8620	0.25893	1569.8	2346.6	32.643	9.2103	13.528	1079.7	0.0034689	6.4465e-06	0.12815	supercritical
185.50	30.000	3.8412	0.26034	1579.1	2360.1	32.716	9.2267	13.542	1082.2	0.0029254	6.4699e-06	0.12876	supercritical
186.50	30.000	3.8205	0.26174	1588.5	2373.7	32.789	9.2430	13.555	1084.7	0.0023892	6.4933e-06	0.12936	supercritical
187.50	30.000	3.8001	0.26315	1597.8	2387.2	32.861	9.2590	13.569	1087.2	0.0018603	6.5167e-06	0.12997	supercritical
188.50	30.000	3.7800	0.26455	1607.2	2400.8	32.933	9.2749	13.583	1089.7	0.0013385	6.5400e-06	0.13057	supercritical
189.50	30.000	3.7600	0.26596	1616.5	2414.4	33.005	9.2906	13.596	1092.2	0.00082371	6.5632e-06	0.13118	supercritical
190.50	30.000	3.7403	0.26736	1625.9	2428.0	33.077	9.3061	13.609	1094.7	0.00031571	6.5865e-06	0.13178	supercritical
191.50	30.000	3.7207	0.26876	1635.3	2441.6	33.148	9.3214	13.622	1097.2	-0.00018559	6.6097e-06	0.13238	supercritical
192.50	30.000	3.7014	0.27017	1644.8	2455.3	33.219	9.3366	13.635	1099.7	-0.00068032	6.6328e-06	0.13298	supercritical
193.50	30.000	3.6823	0.27157	1654.2	2468.9	33.290	9.3516	13.648	1102.1	-0.0011686	6.6560e-06	0.13358	supercritical
194.50	30.000	3.6634	0.27297	1663.6	2482.6	33.360	9.3664	13.661	1104.6	-0.0016506	6.6791e-06	0.13417	supercritical
195.50	30.000	3.6446	0.27438	1673.1	2496.2	33.430	9.3810	13.673	1107.1	-0.0021263	6.7021e-06	0.13477	supercritical
196.50	30.000	3.6261	0.27578	1682.6	2509.9	33.500	9.3955	13.685	1109.5	-0.0025960	6.7252e-06	0.13536	supercritical
197.50	30.000	3.6078	0.27718	1692.1	2523.6	33.570	9.4097	13.698	1112.0	-0.0030597	6.7482e-06	0.13595	supercritical
198.50	30.000	3.5896	0.27858	1701.6	2537.3	33.639	9.4239	13.710	1114.4	-0.0035176	6.7712e-06	0.13654	supercritical
199.50	30.000	3.5717	0.27998	1711.1	2551.0	33.708	9.4378	13.722	1116.9	-0.0039696	6.7941e-06	0.13713	supercritical
200.50	30.000	3.5539	0.28138	1720.6	2564.7	33.776	9.4516	13.734	1119.3	-0.0044161	6.8170e-06	0.13772	supercritical
201.50	30.000	3.5363	0.28278	1730.1	2578.5	33.845	9.4652	13.745	1121.8	-0.0048570	6.8399e-06	0.13831	supercritical
202.50	30.000	3.5189	0.28418	1739.7	2592.2	33.913	9.4786	13.757	1124.2	-0.0052925	6.8627e-06	0.13890	supercritical
203.50	30.000	3.5016	0.28558	1749.2	2606.0	33.981	9.4919	13.768	1126.6	-0.0057226	6.8855e-06	0.13948	supercritical
204.50	30.000	3.4846	0.28698	1758.8	2619.8	34.048	9.5050	13.780	1129.1	-0.0061475	6.9083e-06	0.14007	supercritical
205.50	30.000	3.4677	0.28838	1768.4	2633.5	34.115	9.5180	13.791	1131.5	-0.0065672	6.9310e-06	0.14065	supercritical
206.50	30.000	3.4509	0.28978	1778.0	2647.3	34.182	9.5308	13.802	1133.9	-0.0069819	6.9538e-06	0.14123	supercritical
207.50	30.000	3.4343	0.29118	1787.6	2661.2	34.249	9.5435	13.813	1136.3	-0.0073916	6.9764e-06	0.14181	supercritical
208.50	30.000	3.4179	0.29257	1797.2	2675.0	34.315	9.5560	13.824	1138.7	-0.0077965	6.9991e-06	0.14239	supercritical
209.50	30.000	3.4017	0.29397	1806.9	2688.8	34.382	9.5683	13.834	1141.1	-0.0081965	7.0217e-06	0.14296	supercritical
210.50	30.000	3.3856	0.29537	1816.5	2702.6	34.447	9.5805	13.845	1143.5	-0.0085919	7.0443e-06	0.14354	supercritical
211.50	30.000	3.3696	0.29677	1826.2	2716.5	34.513	9.5925	13.855	1145.9	-0.0089826	7.0669e-06	0.14411	supercritical
212.50	30.000	3.3538	0.29816	1835.9	2730.4	34.578	9.6044	13.865	1148.3	-0.0093688	7.0894e-06	0.14468	supercritical
213.50	30.000	3.3382	0.29956	1845.5	2744.2	34.644	9.6161	13.876	1150.7	-0.0097505	7.1119e-06	0.14526	supercritical
214.50	30.000	3.3227	0.30096	1855.2	2758.1	34.708	9.6277	13.886	1153.1	-0.010128	7.1344e-06	0.14583	supercritical
215.50	30.000	3.3074	0.30235	1864.9	2772.0	34.773	9.6392	13.895	1155.5	-0.010501	7.1568e-06	0.14639	supercritical
216.50	30.000	3.2922	0.30375	1874.6	2785.9	34.837	9.6505	13.905	1157.8	-0.010870	7.1792e-06	0.14696	supercritical
217.50	30.000	3.2771	0.30515	1884.4	2799.8	34.902	9.6616	13.915	1160.2	-0.011234	7.2016e-06	0.14753	supercritical
218.50	30.000	3.2622	0.30654	1894.1	2813.7	34.965	9.6727	13.924	1162.6	-0.011595	7.2240e-06	0.14809	supercritical
219.50	30.000	3.2474	0.30794	1903.8	2827.7	35.029	9.6835	13.934	1164.9	-0.011951	7.2463e-06	0.14866	supercritical
220.50	30.000	3.2328	0.30933	1913.6	2841.6	35.092	9.6943	13.943	1167.3	-0.012304	7.2686e-06	0.14922	supercritical
221.50	30.000	3.2182	0.31073	1923.4	2855.5	35.155	9.7049	13.952	1169.7	-0.012652	7.2908e-06	0.14978	supercritical
222.50	30.000	3.2039	0.31212	1933.1	2869.5	35.218	9.7153	13.962	1172.0	-0.012997	7.3131e-06	0.15034	supercritical
223.50	30.000	3.1896	0.31352	1942.9	2883.5	35.281	9.7257	13.970	1174.4	-0.013338	7.3353e-06	0.15090	supercritical
224.50	30.000	3.1755	0.31491	1952.7	2897.4	35.343	9.7359	13.979	1176.7	-0.013676	7.3575e-06	0.15145	supercritical
225.50	30.000	3.1615	0.31631	1962.5	2911.4	35.405	9.7459	13.988	1179.0	-0.014009	7.3796e-06	0.15201	supercritical
226.50	30.000	3.1476	0.31770	1972.3	2925.4	35.467	9.7559	13.997	1181.4	-0.014340	7.4017e-06	0.15256	supercritical
227.50	30.000	3.1339	0.31909	1982.1	2939.4	35.529	9.7657	14.005	1183.7	-0.014666	7.4238e-06	0.15312	supercritical
228.50	30.000	3.1203	0.32049	1992.0	2953.4	35.591	9.7754	14.014	1186.0	-0.014989	7.4459e-06	0.15367	supercritical
229.50	30.000	3.1067	0.32188	2001.8	2967.4	35.652	9.7849	14.022	1188.4	-0.015309	7.4679e-06	0.15422	supercritical
230.50	30.000	3.0934	0.32327	2011.6	2981.5	35.713	9.7943	14.030	1190.7	-0.015626	7.4900e-06	0.15477	supercritical
231.50	30.000	3.0801	0.32467	2021.5	2995.5	35.773	9.8036	14.038	1193.0	-0.015939	7.5119e-06	0.15531	supercritical
232.50	30.000	3.0669	0.32606	2031.4	3009.5	35.834	9.8128	14.046	1195.3	-0.016249	7.5339e-06	0.15586	supercritical
233.50	30.000	3.0539	0.32745	2041.2	3023.6	35.894	9.8219	14.054	1197.6	-0.016555	7.5558e-06	0.15641	supercritical
234.50	30.000	3.0410	0.32884	2051.1	3037.7	35.954	9.8308	14.062	1199.9	-0.016859	7.5777e-06	0.15695	supercritical
235.50	30.000	3.0281	0.33024	2061.0	3051.7	36.014	9.8396	14.069	1202.2	-0.017159	7.5996e-06	0.15749	supercritical
236.50	30.000	3.0154	0.33163	2070.9	3065.8	36.074	9.8484	14.077	1204.5	-0.017456	7.6215e-06	0.15803	supercritical
237.50	30.000	3.0028	0.33302	2080.8	3079.9	36.133	9.8569	14.085	1206.8	-0.017751	7.6433e-06	0.15857	supercritical
238.50	30.000	2.9903	0.33441	2090.7	3094.0	36.192	9.8654	14.092	1209.1	-0.018042	7.6651e-06	0.15911	supercritical
239.50	30.000	2.9779	0.33580	2100.6	3108.1	36.251	9.8738	14.099	1211.4	-0.018331	7.6869e-06	0.15965	supercritical
240.50	30.000	2.9657	0.33719	2110.6	3122.2	36.310	9.8820	14.106	1213.7	-0.018616	7.7086e-06	0.16019	supercritical
241.50	30.000	2.9535	0.33858	2120.5	3136.3	36.369	9.8902	14.113	1216.0	-0.018899	7.7303e-06	0.16072	supercritical
242.50	30.000	2.9414	0.33998	2130.5	3150.4	36.427	9.8982	14.120	1218.3	-0.019179	7.7520e-06	0.16126	supercritical
243.50	30.000	2.9294	0.34137	2140.4	3164.5	36.485	9.9061	14.127	1220.5	-0.019457	7.7737e-06	0.16179	supercritical
244.50	30.000	2.9175	0.34276	2150.4	3178.6	36.543	9.9139	14.134	1222.8	-0.019731	7.7953e-06	0.16232	supercritical
245.50	30.000	2.9057	0.34415	2160.3	3192.8	36.601	9.9216	14.141	1225.1	-0.020003	7.8170e-06	0.16285	supercritical
246.50	30.000	2.8940	0.34554	2170.3	3206.9	36.658	9.9292	14.147	1227.3	-0.020272	7.8385e-06	0.16338	supercritical
247.50	30.000	2.8824	0.34693	2180.3	3221.1	36.716	9.9367	14.154	1229.6	-0.020539	7.8601e-06	0.16391	supercritical
248.50	30.000	2.8709	0.34832	2190.3	3235.2	36.773	9.9441	14.160	1231.9	-0.020803	7.8817e-06	0.16443	supercritical
249.50	30.000	2.8595	0.34971	2200.3	3249.4	36.830	9.9514	14.167	1234.1	-0.021065	7.9032e-06	0.16496	supercritical
250.50	30.000	2.8482	0.35110	2210.3	3263.6	36.886	9.9586	14.173	1236.4	-0.021324	7.9247e-06	0.16548	supercritical
251.50	30.000	2.8370	0.35249	2220.3	3277.7	36.943	9.9657	14.179	1238.6	-0.021581	7.9461e-06	0.16600	supercritical
252.50	30.000	2.8259	0.35388	2230.3	3291.9	36.999	9.9726	14.185	1240.9	-0.021836	7.9676e-06	0.16653	supercritical
253.50	30.000	2.8148	0.35526	2240.3	3306.1	37.055	9.9795	14.191	1243.1	-0.022088	7.9890e-06	0.16705	supercritical
254.50	30.000	2.8038	0.35665	2250.3	3320.3	37.111	9.9863	14.197	1245.3	-0.022337	8.0104e-06	0.16757	supercritical
255.50	30.000	2.7930	0.35804	2260.4	3334.5	37.167	9.9930	14.203	1247.6	-0.022585	8.0318e-06	0.16808	supercritical
256.50	30.000	2.7822	0.35943	2270.4	3348.7	37.222	9.9996	14.209	1249.8	-0.022830	8.0531e-06	0.16860	supercritical
257.50	30.000	2.7715	0.36082	2280.5	3362.9	37.277	10.006	14.214	1252.0	-0.023073	8.0744e-06	0.16912	supercritical
258.50	30.000	2.7608	0.36221	2290.5	3377.1	37.333	10.013	14.220	1254.3	-0.023314	8.0957e-06	0.16963	supercritical
259.50	30.000	2.7503	0.36360	2300.6	3391.4	37.387	10.019	14.225	1256.5	-0.023552	8.1170e-06	0.17015	supercritical
260.50	30.000	2.7398	0.36498	2310.6	3405.6	37.442	10.025	14.231	1258.7	-0.023789	8.1383e-06	0.17066	supercritical
261.50	30.000	2.7295	0.36637	2320.7	3419.8	37.497	10.031	14.236	1260.9	-0.024023	8.1595e-06	0.17117	supercritical
262.50	30.000	2.7192	0.36776	2330.8	3434.1	37.551	10.037	14.241	1263.1	-0.024255	8.1807e-06	0.17168	supercritical
263.50	30.000	2.7089	0.36915	2340.9	3448.3	37.605	10.043	14.246	1265.3	-0.024486	8.2019e-06	0.17219	supercritical
264.50	30.000	2.6988	0.37054	2350.9	3462.5	37.659	10.049	14.251	1267.6	-0.024714	8.2231e-06	0.17270	supercritical
265.50	30.000	2.6887	0.37192	2361.0	3476.8	37.713	10.055	14.256	1269.8	-0.024940	8.2442e-06	0.17321	supercritical
266.50	30.000	2.6787	0.37331	2371.1	3491.1	37.767	10.061	14.261	1272.0	-0.025164	8.2653e-06	0.17371	supercritical
267.50	30.000	2.6688	0.37470	2381.2	3505.3	37.820	10.066	14.266	1274.2	-0.025386	8.2864e-06	0.17422	supercritical
268.50	30.000	2.6590	0.37609	2391.3	3519.6	37.873	10.072	14.271	1276.3	-0.025607	8.3075e-06	0.17472	supercritical
269.50	30.000	2.6492	0.37747	2401.5	3533.9	37.926	10.077	14.276	1278.5	-0.025825	8.3285e-06	0.17522	supercritical
270.50	30.000	2.6395	0.37886	2411.6	3548.1	37.979	10.083	14.281	1280.7	-0.026042	8.3495e-06	0.17572	supercritical
271.50	30.000	2.6299	0.38025	2421.7	3562.4	38.032	10.088	14.285	1282.9	-0.026257	8.3705e-06	0.17623	supercritical
272.50	30.000	2.6203	0.38163	2431.8	3576.7	38.084	10.093	14.290	1285.1	-0.026470	8.3915e-06	0.17672	supercritical
273.50	30.000	2.6108	0.38302	2442.0	3591.0	38.137	10.099	14.294	1287.3	-0.026681	8.4125e-06	0.17722	supercritical
274.50	30.000	2.6014	0.38441	2452.1	3605.3	38.189	10.104	14.298	1289.4	-0.026890	8.4334e-06	0.17772	supercritical
275.50	30.000	2.5921	0.38579	2462.2	3619.6	38.241	10.109	14.303	1291.6	-0.027098	8.4543e-06	0.17822	supercritical
276.50	30.000	2.5828	0.38718	2472.4	3633.9	38.293	10.114	14.307	1293.8	-0.027304	8.4752e-06	0.17871	supercritical
277.50	30.000	2.5736	0.38856	2482.5	3648.2	38.344	10.118	14.311	1296.0	-0.027508	8.4961e-06	0.17921	supercritical
278.50	30.000	2.5644	0.38995	2492.7	3662.5	38.396	10.123	14.315	1298.1	-0.027711	8.5170e-06	0.17970	supercritical
279.50	30.000	2.5553	0.39134	2502.8	3676.8	38.447	10.128	14.319	1300.3	-0.027911	8.5378e-06	0.18019	supercritical
280.50	30.000	2.5463	0.39272	2513.0	3691.2	38.498	10.133	14.323	1302.4	-0.028111	8.5586e-06	0.18068	supercritical
281.50	30.000	2.5374	0.39411	2523.2	3705.5	38.549	10.137	14.327	1304.6	-0.028308	8.5794e-06	0.18118	supercritical
282.50	30.000	2.5285	0.39549	2533.3	3719.8	38.600	10.142	14.331	1306.7	-0.028504	8.6001e-06	0.18166	supercritical
283.50	30.000	2.5197	0.39688	2543.5	3734.2	38.651	10.146	14.335	1308.9	-0.028699	8.6209e-06	0.18215	supercritical
284.50	30.000	2.5109	0.39826	2553.7	3748.5	38.701	10.150	14.339	1311.0	-0.028892	8.6416e-06	0.18264	supercritical
285.50	30.000	2.5022	0.39965	2563.9	3762.8	38.752	10.155	14.342	1313.2	-0.029083	8.6623e-06	0.18313	supercritical
286.50	30.000	2.4936	0.40103	2574.1	3777.2	38.802	10.159	14.346	1315.3	-0.029273	8.6830e-06	0.18361	supercritical
287.50	30.000	2.4850	0.40242	2584.3	3791.5	38.852	10.163	14.350	1317.5	-0.029461	8.7037e-06	0.18410	supercritical
288.50	30.000	2.4764	0.40380	2594.5	3805.9	38.902	10.167	14.353	1319.6	-0.029648	8.7243e-06	0.18458	supercritical
289.50	30.000	2.4680	0.40519	2604.7	3820.2	38.951	10.171	14.357	1321.7	-0.029833	8.7449e-06	0.18506	supercritical
290.50	30.000	2.4596	0.40657	2614.9	3834.6	39.001	10.175	14.360	1323.8	-0.030017	8.7655e-06	0.18555	supercritical
291.50	30.000	2.4512	0.40796	2625.1	3849.0	39.050	10.179	14.363	1326.0	-0.030200	8.7861e-06	0.18603	supercritical
292.50	30.000	2.4429	0.40934	2635.3	3863.3	39.099	10.183	14.367	1328.1	-0.030381	8.8067e-06	0.18651	supercritical
293.50	30.000	2.4347	0.41073	2645.5	3877.7	39.148	10.187	14.370	1330.2	-0.030561	8.8272e-06	0.18699	supercritical
294.50	30.000	2.4265	0.41211	2655.7	3892.1	39.197	10.191	14.373	1332.3	-0.030739	8.8477e-06	0.18747	supercritical
295.50	30.000	2.4184	0.41350	2665.9	3906.4	39.246	10.194	14.376	1334.4	-0.030916	8.8682e-06	0.18794	supercritical
296.50	30.000	2.4103	0.41488	2676.2	3920.8	39.295	10.198	14.379	1336.6	-0.031091	8.8887e-06	0.18842	supercritical
297.50	30.000	2.4023	0.41627	2686.4	3935.2	39.343	10.201	14.382	1338.7	-0.031266	8.9092e-06	0.18889	supercritical
298.50	30.000	2.3944	0.41765	2696.6	3949.6	39.391	10.205	14.385	1340.8	-0.031439	8.9296e-06	0.18937	supercritical
299.50	30.000	2.3864	0.41903	2706.9	3964.0	39.439	10.208	14.388	1342.9	-0.031610	8.9500e-06	0.18984	supercritical
300.50	30.000	2.3786	0.42042	2717.1	3978.4	39.487	10.212	14.391	1345.0	-0.031781	8.9704e-06	0.19032	supercritical
301.50	30.000	2.3708	0.42180	2727.3	3992.7	39.535	10.215	14.394	1347.1	-0.031950	8.9908e-06	0.19079	supercritical
302.50	30.000	2.3630	0.42318	2737.6	4007.1	39.583	10.218	14.397	1349.2	-0.032118	9.0112e-06	0.19126	supercritical
303.50	30.000	2.3553	0.42457	2747.8	4021.5	39.630	10.222	14.399	1351.3	-0.032284	9.0315e-06	0.19173	supercritical
304.50	30.000	2.3477	0.42595	2758.1	4035.9	39.678	10.225	14.402	1353.4	-0.032449	9.0518e-06	0.19220	supercritical
305.50	30.000	2.3401	0.42734	2768.3	4050.3	39.725	10.228	14.405	1355.4	-0.032614	9.0721e-06	0.19267	supercritical
306.50	30.000	2.3325	0.42872	2778.6	4064.7	39.772	10.231	14.407	1357.5	-0.032776	9.0924e-06	0.19314	supercritical
307.50	30.000	2.3250	0.43010	2788.9	4079.2	39.819	10.234	14.410	1359.6	-0.032938	9.1127e-06	0.19360	supercritical
308.50	30.000	2.3176	0.43149	2799.1	4093.6	39.866	10.237	14.412	1361.7	-0.033099	9.1330e-06	0.19407	supercritical
309.50	30.000	2.3102	0.43287	2809.4	4108.0	39.912	10.240	14.415	1363.8	-0.033258	9.1532e-06	0.19454	supercritical
310.50	30.000	2.3028	0.43425	2819.6	4122.4	39.959	10.243	14.417	1365.8	-0.033416	9.1734e-06	0.19500	supercritical
311.50	30.000	2.2955	0.43563	2829.9	4136.8	40.005	10.246	14.420	1367.9	-0.033574	9.1936e-06	0.19546	supercritical
312.50	30.000	2.2882	0.43702	2840.2	4151.2	40.051	10.249	14.422	1370.0	-0.033730	9.2138e-06	0.19593	supercritical
313.50	30.000	2.2810	0.43840	2850.5	4165.7	40.098	10.251	14.424	1372.0	-0.033884	9.2339e-06	0.19639	supercritical
314.50	30.000	2.2738	0.43978	2860.7	4180.1	40.144	10.254	14.427	1374.1	-0.034038	9.2541e-06	0.19685	supercritical
315.50	30.000	2.2667	0.44117	2871.0	4194.5	40.189	10.257	14.429	1376.2	-0.034191	9.2742e-06	0.19731	supercritical
316.50	30.000	2.2596	0.44255	2881.3	4208.9	40.235	10.259	14.431	1378.2	-0.034342	9.2943e-06	0.19777	supercritical
317.50	30.000	2.2526	0.44393	2891.6	4223.4	40.280	10.262	14.433	1380.3	-0.034493	9.3144e-06	0.19823	supercritical
318.50	30.000	2.2456	0.44531	2901.9	4237.8	40.326	10.264	14.435	1382.3	-0.034642	9.3344e-06	0.19869	supercritical
319.50	30.000	2.2387	0.44670	2912.2	4252.2	40.371	10.267	14.437	1384.4	-0.034791	9.3545e-06	0.19915	supercritical
320.50	30.000	2.2318	0.44808	2922.5	4266.7	40.416	10.269	14.439	1386.4	-0.034938	9.3745e-06	0.19960	supercritical
321.50	30.000	2.2249	0.44946	2932.7	4281.1	40.461	10.272	14.441	1388.5	-0.035085	9.3945e-06	0.20006	supercritical
322.50	30.000	2.2181	0.45084	2943.0	4295.6	40.506	10.274	14.443	1390.5	-0.035230	9.4145e-06	0.20052	supercritical
323.50	30.000	2.2113	0.45222	2953.3	4310.0	40.551	10.276	14.445	1392.5	-0.035374	9.4345e-06	0.20097	supercritical
324.50	30.000	2.2046	0.45361	2963.6	4324.5	40.595	10.279	14.447	1394.6	-0.035518	9.4545e-06	0.20142	supercritical
325.50	30.000	2.1979	0.45499	2973.9	4338.9	40.640	10.281	14.449	1396.6	-0.035660	9.4744e-06	0.20188	supercritical
326.50	30.000	2.1912	0.45637	2984.2	4353.4	40.684	10.283	14.451	1398.7	-0.035801	9.4943e-06	0.20233	supercritical
327.50	30.000	2.1846	0.45775	2994.5	4367.8	40.728	10.285	14.452	1400.7	-0.035942	9.5142e-06	0.20278	supercritical
328.50	30.000	2.1780	0.45913	3004.9	4382.3	40.772	10.287	14.454	1402.7	-0.036081	9.5341e-06	0.20323	supercritical
329.50	30.000	2.1715	0.46052	3015.2	4396.7	40.816	10.290	14.456	1404.7	-0.036220	9.5540e-06	0.20368	supercritical
330.50	30.000	2.1650	0.46190	3025.5	4411.2	40.860	10.292	14.458	1406.8	-0.036357	9.5739e-06	0.20413	supercritical
331.50	30.000	2.1585	0.46328	3035.8	4425.6	40.904	10.294	14.459	1408.8	-0.036494	9.5937e-06	0.20458	supercritical
332.50	30.000	2.1521	0.46466	3046.1	4440.1	40.947	10.296	14.461	1410.8	-0.036630	9.6135e-06	0.20503	supercritical
333.50	30.000	2.1457	0.46604	3056.4	4454.6	40.991	10.298	14.462	1412.8	-0.036765	9.6333e-06	0.20548	supercritical
334.50	30.000	2.1394	0.46742	3066.7	4469.0	41.034	10.299	14.464	1414.8	-0.036898	9.6531e-06	0.20593	supercritical
335.50	30.000	2.1331	0.46881	3077.1	4483.5	41.077	10.301	14.465	1416.8	-0.037031	9.6729e-06	0.20637	supercritical
336.50	30.000	2.1268	0.47019	3087.4	4497.9	41.120	10.303	14.467	1418.8	-0.037164	9.6927e-06	0.20682	supercritical
337.50	30.000	2.1206	0.47157	3097.7	4512.4	41.163	10.305	14.468	1420.8	-0.037295	9.7124e-06	0.20726	supercritical
338.50	30.000	2.1144	0.47295	3108.0	4526.9	41.206	10.307	14.470	1422.8	-0.037425	9.7321e-06	0.20771	supercritical
339.50	30.000	2.1082	0.47433	3118.4	4541.4	41.249	10.309	14.471	1424.8	-0.037555	9.7518e-06	0.20815	supercritical
340.50	30.000	2.1021	0.47571	3128.7	4555.8	41.291	10.310	14.473	1426.8	-0.037684	9.7715e-06	0.20859	supercritical
341.50	30.000	2.0960	0.47709	3139.0	4570.3	41.334	10.312	14.474	1428.8	-0.037811	9.7912e-06	0.20904	supercritical
342.50	30.000	2.0900	0.47847	3149.4	4584.8	41.376	10.314	14.475	1430.8	-0.037939	9.8108e-06	0.20948	supercritical
343.50	30.000	2.0840	0.47985	3159.7	4599.2	41.418	10.315	14.477	1432.8	-0.038065	9.8305e-06	0.20992	supercritical
344.50	30.000	2.0780	0.48124	3170.0	4613.7	41.460	10.317	14.478	1434.8	-0.038190	9.8501e-06	0.21036	supercritical
345.50	30.000	2.0720	0.48262	3180.4	4628.2	41.502	10.318	14.479	1436.8	-0.038315	9.8697e-06	0.21080	supercritical
346.50	30.000	2.0661	0.48400	3190.7	4642.7	41.544	10.320	14.480	1438.8	-0.038438	9.8893e-06	0.21124	supercritical
347.50	30.000	2.0603	0.48538	3201.0	4657.2	41.586	10.322	14.482	1440.7	-0.038561	9.9089e-06	0.21168	supercritical
348.50	30.000	2.0544	0.48676	3211.4	4671.6	41.628	10.323	14.483	1442.7	-0.038684	9.9285e-06	0.21212	supercritical
349.50	30.000	2.0486	0.48814	3221.7	4686.1	41.669	10.324	14.484	1444.7	-0.038805	9.9480e-06	0.21255	supercritical
350.50	30.000	2.0428	0.48952	3232.1	4700.6	41.710	10.326	14.485	1446.7	-0.038926	9.9675e-06	0.21299	supercritical
351.50	30.000	2.0371	0.49090	3242.4	4715.1	41.752	10.327	14.486	1448.6	-0.039045	9.9871e-06	0.21343	supercritical
352.50	30.000	2.0314	0.49228	3252.7	4729.6	41.793	10.329	14.487	1450.6	-0.039165	1.0007e-05	0.21386	supercritical
353.50	30.000	2.0257	0.49366	3263.1	4744.1	41.834	10.330	14.488	1452.6	-0.039283	1.0026e-05	0.21430	supercritical
354.50	30.000	2.0200	0.49504	3273.4	4758.6	41.875	10.331	14.489	1454.5	-0.039401	1.0046e-05	0.21473	supercritical
355.50	30.000	2.0144	0.49642	3283.8	4773.1	41.916	10.333	14.490	1456.5	-0.039517	1.0065e-05	0.21516	supercritical
356.50	30.000	2.0088	0.49780	3294.1	4787.5	41.956	10.334	14.491	1458.5	-0.039633	1.0084e-05	0.21560	supercritical
357.50	30.000	2.0033	0.49918	3304.5	4802.0	41.997	10.335	14.492	1460.4	-0.039749	1.0104e-05	0.21603	supercritical
358.50	30.000	1.9978	0.50056	3314.8	4816.5	42.037	10.337	14.493	1462.4	-0.039864	1.0123e-05	0.21646	supercritical
359.50	30.000	1.9923	0.50194	3325.2	4831.0	42.078	10.338	14.494	1464.3	-0.039977	1.0143e-05	0.21689	supercritical
360.50	30.000	1.9868	0.50332	3335.5	4845.5	42.118	10.339	14.495	1466.3	-0.040091	1.0162e-05	0.21733	supercritical
361.50	30.000	1.9814	0.50470	3345.9	4860.0	42.158	10.340	14.496	1468.2	-0.040203	1.0181e-05	0.21776	supercritical
362.50	30.000	1.9760	0.50608	3356.3	4874.5	42.198	10.341	14.497	1470.2	-0.040315	1.0201e-05	0.21819	supercritical
363.50	30.000	1.9706	0.50746	3366.6	4889.0	42.238	10.342	14.498	1472.1	-0.040426	1.0220e-05	0.21862	supercritical
364.50	30.000	1.9652	0.50884	3377.0	4903.5	42.278	10.343	14.498	1474.0	-0.040537	1.0239e-05	0.21904	supercritical
365.50	30.000	1.9599	0.51022	3387.3	4918.0	42.318	10.345	14.499	1476.0	-0.040646	1.0259e-05	0.21947	supercritical
366.50	30.000	1.9546	0.51160	3397.7	4932.5	42.357	10.346	14.500	1477.9	-0.040756	1.0278e-05	0.21990	supercritical
367.50	30.000	1.9494	0.51298	3408.1	4947.0	42.397	10.347	14.501	1479.8	-0.040864	1.0297e-05	0.22033	supercritical
368.50	30.000	1.9442	0.51436	3418.4	4961.5	42.436	10.348	14.502	1481.8	-0.040972	1.0316e-05	0.22076	supercritical
369.50	30.000	1.9390	0.51574	3428.8	4976.0	42.476	10.349	14.502	1483.7	-0.041079	1.0336e-05	0.22118	supercritical
370.50	30.000	1.9338	0.51712	3439.1	4990.5	42.515	10.350	14.503	1485.6	-0.041185	1.0355e-05	0.22161	supercritical
371.50	30.000	1.9286	0.51850	3449.5	5005.0	42.554	10.351	14.504	1487.5	-0.041291	1.0374e-05	0.22203	supercritical
372.50	30.000	1.9235	0.51988	3459.9	5019.5	42.593	10.352	14.505	1489.5	-0.041396	1.0393e-05	0.22246	supercritical
373.50	30.000	1.9184	0.52126	3470.2	5034.0	42.632	10.353	14.505	1491.4	-0.041501	1.0413e-05	0.22288	supercritical
374.50	30.000	1.9134	0.52264	3480.6	5048.5	42.671	10.353	14.506	1493.3	-0.041605	1.0432e-05	0.22331	supercritical
375.50	30.000	1.9083	0.52402	3491.0	5063.0	42.709	10.354	14.507	1495.2	-0.041708	1.0451e-05	0.22373	supercritical
376.50	30.000	1.9033	0.52540	3501.3	5077.5	42.748	10.355	14.507	1497.1	-0.041811	1.0470e-05	0.22415	supercritical
377.50	30.000	1.8983	0.52678	3511.7	5092.0	42.786	10.356	14.508	1499.0	-0.041913	1.0489e-05	0.22457	supercritical
378.50	30.000	1.8934	0.52816	3522.1	5106.6	42.825	10.357	14.508	1500.9	-0.042014	1.0508e-05	0.22500	supercritical
379.50	30.000	1.8884	0.52954	3532.5	5121.1	42.863	10.358	14.509	1502.9	-0.042115	1.0527e-05	0.22542	supercritical
380.50	30.000	1.8835	0.53092	3542.8	5135.6	42.901	10.359	14.510	1504.8	-0.042215	1.0546e-05	0.22584	supercritical
381.50	30.000	1.8787	0.53229	3553.2	5150.1	42.939	10.359	14.510	1506.7	-0.042315	1.0565e-05	0.22626	supercritical
382.50	30.000	1.8738	0.53367	3563.6	5164.6	42.977	10.360	14.511	1508.6	-0.042414	1.0585e-05	0.22668	supercritical
383.50	30.000	1.8690	0.53505	3573.9	5179.1	43.015	10.361	14.511	1510.5	-0.042512	1.0604e-05	0.22710	supercritical
384.50	30.000	1.8642	0.53643	3584.3	5193.6	43.053	10.362	14.512	1512.3	-0.042610	1.0623e-05	0.22752	supercritical
385.50	30.000	1.8594	0.53781	3594.7	5208.1	43.091	10.362	14.512	1514.2	-0.042707	1.0642e-05	0.22793	supercritical
386.50	30.000	1.8546	0.53919	3605.1	5222.6	43.128	10.363	14.513	1516.1	-0.042804	1.0661e-05	0.22835	supercritical
387.50	30.000	1.8499	0.54057	3615.4	5237.2	43.166	10.364	14.513	1518.0	-0.042900	1.0680e-05	0.22877	supercritical
388.50	30.000	1.8452	0.54195	3625.8	5251.7	43.203	10.365	14.514	1519.9	-0.042995	1.0699e-05	0.22919	supercritical
389.50	30.000	1.8405	0.54333	3636.2	5266.2	43.240	10.365	14.514	1521.8	-0.043090	1.0718e-05	0.22960	supercritical
390.50	30.000	1.8359	0.54471	3646.6	5280.7	43.278	10.366	14.515	1523.7	-0.043185	1.0736e-05	0.23002	supercritical
391.50	30.000	1.8312	0.54608	3657.0	5295.2	43.315	10.367	14.515	1525.5	-0.043279	1.0755e-05	0.23044	supercritical
392.50	30.000	1.8266	0.54746	3667.3	5309.7	43.352	10.367	14.516	1527.4	-0.043372	1.0774e-05	0.23085	supercritical
393.50	30.000	1.8220	0.54884	3677.7	5324.2	43.389	10.368	14.516	1529.3	-0.043465	1.0793e-05	0.23127	supercritical
394.50	30.000	1.8175	0.55022	3688.1	5338.8	43.426	10.369	14.516	1531.2	-0.043557	1.0812e-05	0.23168	supercritical
395.50	30.000	1.8129	0.55160	3698.5	5353.3	43.462	10.369	14.517	1533.0	-0.043649	1.0831e-05	0.23210	supercritical
396.50	30.000	1.8084	0.55298	3708.9	5367.8	43.499	10.370	14.517	1534.9	-0.043740	1.0850e-05	0.23251	supercritical
397.50	30.000	1.8039	0.55436	3719.2	5382.3	43.536	10.370	14.518	1536.8	-0.043831	1.0869e-05	0.23292	supercritical
398.50	30.000	1.7994	0.55573	3729.6	5396.8	43.572	10.371	14.518	1538.6	-0.043921	1.0888e-05	0.23333	supercritical
399.50	30.000	1.7950	0.55711	3740.0	5411.3	43.608	10.372	14.518	1540.5	-0.044010	1.0906e-05	0.23375	supercritical
400.50	30.000	1.7905	0.55849	3750.4	5425.9	43.645	10.372	14.519	1542.4	-0.044099	1.0925e-05	0.23416	supercritical
