Temperature (K)	Pressure (bar)	Density (kg/m3)	Volume (m3/kg)	Internal Energy (kJ/kg)	Enthalpy (kJ/kg)	Entropy (J/g*K)	Cv (J/g*K)	Cp (J/g*K)	Sound Spd. (m/s)	Joule-Thomson (K/bar)	Viscosity (Pa*s)	Therm. Cond. (W/m*K)	Phase
23.000	2.0000	2.4679	0.40520	379.77	460.81	20.118	6.5747	13.347	369.66	1.5821	1.1484e-06	0.020962	vapor
24.000	2.0000	2.3177	0.43146	387.57	473.86	20.674	6.4720	12.788	381.71	1.4634	1.2092e-06	0.021533	vapor
25.000	2.0000	2.1889	0.45685	395.08	486.44	21.187	6.4067	12.395	392.90	1.3627	1.2674e-06	0.022140	vapor
26.000	2.0000	2.0765	0.48158	402.37	498.69	21.668	6.3642	12.105	403.42	1.2760	1.3236e-06	0.022769	vapor
27.000	2.0000	1.9770	0.50581	409.51	510.68	22.120	6.3357	11.882	413.41	1.2001	1.3782e-06	0.023413	vapor
28.000	2.0000	1.8881	0.52964	416.54	522.47	22.549	6.3160	11.706	422.98	1.1330	1.4313e-06	0.024066	vapor
29.000	2.0000	1.8079	0.55314	423.47	534.10	22.957	6.3018	11.563	432.18	1.0729	1.4832e-06	0.024725	vapor
30.000	2.0000	1.7350	0.57636	430.33	545.60	23.347	6.2912	11.444	441.08	1.0188	1.5341e-06	0.025388	vapor
31.000	2.0000	1.6685	0.59935	437.13	556.99	23.721	6.2829	11.344	449.70	0.96963	1.5840e-06	0.026053	vapor
32.000	2.0000	1.6074	0.62213	443.87	568.29	24.079	6.2762	11.258	458.09	0.92465	1.6330e-06	0.026719	vapor
33.000	2.0000	1.5510	0.64474	450.57	579.51	24.425	6.2705	11.183	466.26	0.88332	1.6812e-06	0.027385	vapor
34.000	2.0000	1.4988	0.66720	457.22	590.66	24.758	6.2655	11.117	474.23	0.84514	1.7287e-06	0.028050	vapor
35.000	2.0000	1.4503	0.68952	463.85	601.75	25.079	6.2612	11.059	482.03	0.80975	1.7755e-06	0.028713	vapor
36.000	2.0000	1.4050	0.71172	470.44	612.78	25.390	6.2572	11.007	489.65	0.77682	1.8217e-06	0.029375	vapor
37.000	2.0000	1.3627	0.73382	477.00	623.77	25.691	6.2537	10.961	497.13	0.74609	1.8673e-06	0.030034	vapor
38.000	2.0000	1.3231	0.75581	483.54	634.71	25.982	6.2504	10.919	504.46	0.71734	1.9124e-06	0.030691	vapor
39.000	2.0000	1.2858	0.77772	490.06	645.61	26.266	6.2475	10.882	511.66	0.69036	1.9569e-06	0.031346	vapor
40.000	2.0000	1.2507	0.79955	496.56	656.47	26.541	6.2450	10.848	518.72	0.66501	2.0009e-06	0.031998	vapor
41.000	2.0000	1.2176	0.82131	503.04	667.31	26.808	6.2427	10.817	525.67	0.64112	2.0444e-06	0.032647	vapor
42.000	2.0000	1.1862	0.84300	509.51	678.11	27.069	6.2408	10.789	532.51	0.61857	2.0874e-06	0.033294	vapor
43.000	2.0000	1.1566	0.86463	515.96	688.88	27.322	6.2392	10.763	539.23	0.59725	2.1300e-06	0.033937	vapor
44.000	2.0000	1.1284	0.88621	522.39	699.64	27.569	6.2379	10.740	545.85	0.57707	2.1722e-06	0.034578	vapor
45.000	2.0000	1.1016	0.90773	528.82	710.37	27.810	6.2371	10.719	552.37	0.55792	2.2140e-06	0.035216	vapor
46.000	2.0000	1.0762	0.92921	535.23	721.07	28.046	6.2366	10.700	558.80	0.53974	2.2554e-06	0.035851	vapor
47.000	2.0000	1.0519	0.95065	541.64	731.77	28.276	6.2365	10.683	565.13	0.52245	2.2964e-06	0.036483	vapor
48.000	2.0000	1.0288	0.97204	548.03	742.44	28.500	6.2368	10.667	571.37	0.50598	2.3371e-06	0.037112	vapor
49.000	2.0000	1.0066	0.99340	554.42	753.10	28.720	6.2376	10.653	577.53	0.49027	2.3774e-06	0.037739	vapor
50.000	2.0000	0.98549	1.0147	560.80	763.75	28.935	6.2389	10.641	583.60	0.47528	2.4174e-06	0.038363	vapor
51.000	2.0000	0.96524	1.0360	567.18	774.38	29.146	6.2407	10.630	589.59	0.46096	2.4570e-06	0.038985	vapor
52.000	2.0000	0.94583	1.0573	573.55	785.01	29.352	6.2430	10.620	595.50	0.44725	2.4963e-06	0.039604	vapor
53.000	2.0000	0.92721	1.0785	579.92	795.62	29.554	6.2458	10.612	601.34	0.43413	2.5353e-06	0.040221	vapor
54.000	2.0000	0.90933	1.0997	586.29	806.23	29.753	6.2492	10.605	607.09	0.42155	2.5740e-06	0.040837	vapor
55.000	2.0000	0.89215	1.1209	592.66	816.83	29.947	6.2532	10.599	612.77	0.40948	2.6124e-06	0.041449	vapor
56.000	2.0000	0.87562	1.1420	599.02	827.43	30.138	6.2578	10.594	618.38	0.39788	2.6505e-06	0.042060	vapor
57.000	2.0000	0.85971	1.1632	605.39	838.02	30.326	6.2630	10.591	623.92	0.38674	2.6884e-06	0.042669	vapor
58.000	2.0000	0.84438	1.1843	611.75	848.61	30.510	6.2688	10.589	629.39	0.37602	2.7260e-06	0.043277	vapor
59.000	2.0000	0.82961	1.2054	618.12	859.20	30.691	6.2753	10.588	634.79	0.36570	2.7633e-06	0.043883	vapor
60.000	2.0000	0.81535	1.2265	624.49	869.79	30.869	6.2825	10.587	640.11	0.35575	2.8003e-06	0.044487	vapor
61.000	2.0000	0.80158	1.2475	630.87	880.38	31.044	6.2903	10.589	645.38	0.34616	2.8372e-06	0.045090	vapor
62.000	2.0000	0.78829	1.2686	637.25	890.97	31.216	6.2988	10.591	650.58	0.33691	2.8737e-06	0.045691	vapor
63.000	2.0000	0.77543	1.2896	643.64	901.56	31.386	6.3080	10.594	655.71	0.32798	2.9101e-06	0.046292	vapor
64.000	2.0000	0.76300	1.3106	650.03	912.15	31.552	6.3180	10.598	660.78	0.31935	2.9462e-06	0.046891	vapor
65.000	2.0000	0.75097	1.3316	656.43	922.75	31.717	6.3286	10.603	665.78	0.31101	2.9820e-06	0.047490	vapor
66.000	2.0000	0.73931	1.3526	662.84	933.36	31.879	6.3399	10.609	670.73	0.30294	3.0177e-06	0.048088	vapor
67.000	2.0000	0.72802	1.3736	669.26	943.97	32.038	6.3520	10.616	675.61	0.29513	3.0531e-06	0.048685	vapor
68.000	2.0000	0.71708	1.3945	675.68	954.59	32.196	6.3648	10.624	680.44	0.28757	3.0883e-06	0.049282	vapor
69.000	2.0000	0.70647	1.4155	682.12	965.22	32.351	6.3782	10.633	685.20	0.28025	3.1234e-06	0.049878	vapor
70.000	2.0000	0.69617	1.4364	688.57	975.86	32.504	6.3924	10.643	689.91	0.27315	3.1582e-06	0.050474	vapor
71.000	2.0000	0.68617	1.4574	695.04	986.51	32.655	6.4073	10.654	694.56	0.26627	3.1928e-06	0.051070	vapor
72.000	2.0000	0.67646	1.4783	701.51	997.17	32.804	6.4229	10.666	699.16	0.25959	3.2272e-06	0.051666	vapor
73.000	2.0000	0.66702	1.4992	708.00	1007.8	32.951	6.4391	10.678	703.70	0.25311	3.2614e-06	0.052262	vapor
74.000	2.0000	0.65785	1.5201	714.51	1018.5	33.097	6.4561	10.692	708.19	0.24683	3.2955e-06	0.052858	vapor
75.000	2.0000	0.64893	1.5410	721.03	1029.2	33.240	6.4737	10.706	712.63	0.24072	3.3294e-06	0.053454	vapor
76.000	2.0000	0.64025	1.5619	727.56	1039.9	33.382	6.4919	10.721	717.01	0.23479	3.3630e-06	0.054051	vapor
77.000	2.0000	0.63181	1.5828	734.11	1050.7	33.522	6.5108	10.737	721.35	0.22903	3.3965e-06	0.054648	vapor
78.000	2.0000	0.62358	1.6036	740.69	1061.4	33.661	6.5303	10.753	725.63	0.22342	3.4299e-06	0.055246	vapor
79.000	2.0000	0.61558	1.6245	747.27	1072.2	33.798	6.5504	10.771	729.87	0.21798	3.4631e-06	0.055844	vapor
80.000	2.0000	0.60777	1.6454	753.88	1083.0	33.934	6.5711	10.789	734.06	0.21268	3.4961e-06	0.056444	vapor
81.000	2.0000	0.60017	1.6662	760.51	1093.8	34.068	6.5923	10.807	738.21	0.20753	3.5289e-06	0.057044	vapor
82.000	2.0000	0.59275	1.6870	767.16	1104.6	34.201	6.6141	10.827	742.31	0.20252	3.5616e-06	0.057644	vapor
83.000	2.0000	0.58552	1.7079	773.83	1115.4	34.332	6.6365	10.847	746.36	0.19764	3.5941e-06	0.058246	vapor
84.000	2.0000	0.57846	1.7287	780.52	1126.3	34.462	6.6594	10.867	750.37	0.19289	3.6265e-06	0.058849	vapor
85.000	2.0000	0.57158	1.7495	787.23	1137.1	34.591	6.6827	10.888	754.35	0.18827	3.6587e-06	0.059453	vapor
86.000	2.0000	0.56485	1.7704	793.97	1148.0	34.718	6.7066	10.910	758.28	0.18376	3.6908e-06	0.060059	vapor
87.000	2.0000	0.55829	1.7912	800.72	1159.0	34.844	6.7309	10.932	762.17	0.17938	3.7227e-06	0.060665	vapor
88.000	2.0000	0.55188	1.8120	807.51	1169.9	34.969	6.7556	10.955	766.02	0.17510	3.7545e-06	0.061273	vapor
89.000	2.0000	0.54561	1.8328	814.31	1180.9	35.093	6.7808	10.978	769.84	0.17094	3.7862e-06	0.061882	vapor
90.000	2.0000	0.53949	1.8536	821.14	1191.9	35.216	6.8063	11.002	773.62	0.16688	3.8177e-06	0.062493	vapor
91.000	2.0000	0.53350	1.8744	827.99	1202.9	35.338	6.8322	11.026	777.36	0.16293	3.8490e-06	0.063105	vapor
92.000	2.0000	0.52765	1.8952	834.87	1213.9	35.458	6.8585	11.051	781.07	0.15907	3.8803e-06	0.063718	vapor
93.000	2.0000	0.52193	1.9160	841.78	1225.0	35.578	6.8851	11.076	784.75	0.15531	3.9114e-06	0.064333	vapor
94.000	2.0000	0.51632	1.9368	848.71	1236.1	35.697	6.9121	11.101	788.39	0.15165	3.9424e-06	0.064950	vapor
95.000	2.0000	0.51084	1.9575	855.67	1247.2	35.814	6.9393	11.127	792.01	0.14807	3.9732e-06	0.065568	vapor
96.000	2.0000	0.50548	1.9783	862.65	1258.3	35.931	6.9668	11.153	795.59	0.14459	4.0039e-06	0.066187	vapor
97.000	2.0000	0.50023	1.9991	869.66	1269.5	36.047	6.9946	11.179	799.14	0.14118	4.0345e-06	0.066808	vapor
98.000	2.0000	0.49508	2.0199	876.70	1280.7	36.161	7.0226	11.206	802.66	0.13787	4.0650e-06	0.067431	vapor
99.000	2.0000	0.49004	2.0406	883.77	1291.9	36.275	7.0508	11.233	806.16	0.13463	4.0954e-06	0.068055	vapor
100.00	2.0000	0.48511	2.0614	890.86	1303.1	36.388	7.0792	11.260	809.63	0.13146	4.1256e-06	0.068681	vapor
101.00	2.0000	0.48027	2.0822	897.98	1314.4	36.501	7.1078	11.287	813.07	0.12838	4.1557e-06	0.069309	vapor
102.00	2.0000	0.47553	2.1029	905.13	1325.7	36.612	7.1365	11.315	816.49	0.12537	4.1858e-06	0.069938	vapor
103.00	2.0000	0.47088	2.1237	912.31	1337.0	36.722	7.1655	11.342	819.88	0.12242	4.2157e-06	0.070569	vapor
104.00	2.0000	0.46633	2.1444	919.52	1348.4	36.832	7.1945	11.370	823.24	0.11955	4.2454e-06	0.071201	vapor
105.00	2.0000	0.46186	2.1652	926.75	1359.8	36.941	7.2236	11.398	826.59	0.11675	4.2751e-06	0.071835	vapor
106.00	2.0000	0.45747	2.1859	934.01	1371.2	37.049	7.2529	11.427	829.91	0.11401	4.3047e-06	0.072470	vapor
107.00	2.0000	0.45317	2.2067	941.31	1382.6	37.157	7.2822	11.455	833.21	0.11133	4.3342e-06	0.073107	vapor
108.00	2.0000	0.44895	2.2274	948.63	1394.1	37.263	7.3116	11.483	836.49	0.10872	4.3635e-06	0.073746	vapor
109.00	2.0000	0.44481	2.2481	955.98	1405.6	37.369	7.3411	11.512	839.75	0.10616	4.3928e-06	0.074386	vapor
110.00	2.0000	0.44075	2.2689	963.36	1417.1	37.475	7.3706	11.540	842.99	0.10366	4.4219e-06	0.075027	vapor
111.00	2.0000	0.43676	2.2896	970.76	1428.7	37.579	7.4001	11.569	846.20	0.10122	4.4510e-06	0.075670	vapor
112.00	2.0000	0.43284	2.3103	978.20	1440.3	37.683	7.4296	11.597	849.40	0.098840	4.4799e-06	0.076314	vapor
113.00	2.0000	0.42899	2.3311	985.67	1451.9	37.786	7.4591	11.626	852.59	0.096508	4.5088e-06	0.076959	vapor
114.00	2.0000	0.42521	2.3518	993.16	1463.5	37.889	7.4886	11.655	855.75	0.094229	4.5376e-06	0.077606	vapor
115.00	2.0000	0.42149	2.3725	1000.7	1475.2	37.991	7.5181	11.683	858.90	0.092000	4.5662e-06	0.078254	vapor
116.00	2.0000	0.41784	2.3932	1008.2	1486.9	38.092	7.5476	11.712	862.03	0.089820	4.5948e-06	0.078904	vapor
117.00	2.0000	0.41426	2.4140	1015.8	1498.6	38.193	7.5769	11.741	865.14	0.087688	4.6233e-06	0.079554	vapor
118.00	2.0000	0.41073	2.4347	1023.4	1510.4	38.293	7.6063	11.769	868.24	0.085602	4.6517e-06	0.080206	vapor
119.00	2.0000	0.40726	2.4554	1031.1	1522.2	38.392	7.6355	11.798	871.32	0.083562	4.6800e-06	0.080859	vapor
120.00	2.0000	0.40386	2.4761	1038.7	1534.0	38.491	7.6647	11.826	874.39	0.081565	4.7082e-06	0.081513	vapor
121.00	2.0000	0.40051	2.4968	1046.4	1545.8	38.589	7.6938	11.855	877.44	0.079612	4.7363e-06	0.082168	vapor
122.00	2.0000	0.39721	2.5175	1054.2	1557.7	38.687	7.7228	11.883	880.48	0.077700	4.7644e-06	0.082823	vapor
123.00	2.0000	0.39397	2.5383	1061.9	1569.6	38.784	7.7517	11.911	883.51	0.075829	4.7923e-06	0.083480	vapor
124.00	2.0000	0.39078	2.5590	1069.7	1581.5	38.881	7.7805	11.939	886.52	0.073997	4.8202e-06	0.084138	vapor
125.00	2.0000	0.38765	2.5797	1077.5	1593.5	38.977	7.8092	11.967	889.52	0.072204	4.8480e-06	0.084796	vapor
126.00	2.0000	0.38456	2.6004	1085.4	1605.4	39.072	7.8377	11.995	892.51	0.070448	4.8757e-06	0.085455	vapor
127.00	2.0000	0.38152	2.6211	1093.2	1617.4	39.167	7.8661	12.023	895.48	0.068728	4.9033e-06	0.086115	vapor
128.00	2.0000	0.37853	2.6418	1101.1	1629.5	39.261	7.8944	12.051	898.44	0.067044	4.9308e-06	0.086775	vapor
129.00	2.0000	0.37559	2.6625	1109.0	1641.5	39.355	7.9225	12.078	901.39	0.065394	4.9583e-06	0.087437	vapor
130.00	2.0000	0.37269	2.6832	1117.0	1653.6	39.449	7.9504	12.106	904.33	0.063778	4.9857e-06	0.088098	vapor
131.00	2.0000	0.36984	2.7039	1125.0	1665.8	39.542	7.9782	12.133	907.26	0.062195	5.0130e-06	0.088760	vapor
132.00	2.0000	0.36703	2.7246	1133.0	1677.9	39.634	8.0059	12.160	910.18	0.060643	5.0402e-06	0.089423	vapor
133.00	2.0000	0.36426	2.7453	1141.0	1690.1	39.726	8.0333	12.187	913.08	0.059123	5.0674e-06	0.090086	vapor
134.00	2.0000	0.36154	2.7660	1149.1	1702.3	39.817	8.0606	12.214	915.98	0.057633	5.0944e-06	0.090749	vapor
135.00	2.0000	0.35885	2.7867	1157.2	1714.5	39.908	8.0877	12.241	918.87	0.056172	5.1215e-06	0.091412	vapor
136.00	2.0000	0.35621	2.8074	1165.3	1726.8	39.999	8.1147	12.267	921.74	0.054740	5.1484e-06	0.092076	vapor
137.00	2.0000	0.35360	2.8281	1173.4	1739.0	40.089	8.1414	12.293	924.61	0.053335	5.1752e-06	0.092740	vapor
138.00	2.0000	0.35103	2.8487	1181.6	1751.3	40.178	8.1680	12.319	927.47	0.051959	5.2020e-06	0.093404	vapor
139.00	2.0000	0.34850	2.8694	1189.8	1763.7	40.267	8.1943	12.345	930.31	0.050608	5.2287e-06	0.094068	vapor
140.00	2.0000	0.34601	2.8901	1198.0	1776.0	40.356	8.2205	12.371	933.15	0.049284	5.2554e-06	0.094732	vapor
141.00	2.0000	0.34355	2.9108	1206.3	1788.4	40.444	8.2465	12.397	935.98	0.047984	5.2820e-06	0.095396	vapor
142.00	2.0000	0.34112	2.9315	1214.5	1800.8	40.531	8.2722	12.422	938.80	0.046709	5.3085e-06	0.096060	vapor
143.00	2.0000	0.33873	2.9522	1222.8	1813.3	40.619	8.2978	12.447	941.61	0.045459	5.3349e-06	0.096724	vapor
144.00	2.0000	0.33638	2.9729	1231.1	1825.7	40.706	8.3232	12.472	944.42	0.044231	5.3613e-06	0.097387	vapor
145.00	2.0000	0.33405	2.9935	1239.5	1838.2	40.792	8.3483	12.497	947.21	0.043027	5.3876e-06	0.098051	vapor
146.00	2.0000	0.33176	3.0142	1247.9	1850.7	40.878	8.3733	12.521	950.00	0.041844	5.4138e-06	0.098714	vapor
147.00	2.0000	0.32950	3.0349	1256.3	1863.2	40.964	8.3980	12.546	952.78	0.040683	5.4400e-06	0.099376	vapor
148.00	2.0000	0.32727	3.0556	1264.7	1875.8	41.049	8.4225	12.570	955.55	0.039544	5.4661e-06	0.10004	vapor
149.00	2.0000	0.32507	3.0763	1273.1	1888.4	41.133	8.4469	12.594	958.32	0.038425	5.4922e-06	0.10070	vapor
150.00	2.0000	0.32290	3.0969	1281.6	1901.0	41.218	8.4710	12.618	961.07	0.037326	5.5182e-06	0.10136	vapor
151.00	2.0000	0.32076	3.1176	1290.1	1913.6	41.302	8.4948	12.641	963.82	0.036247	5.5441e-06	0.10202	vapor
152.00	2.0000	0.31864	3.1383	1298.6	1926.3	41.385	8.5185	12.664	966.56	0.035187	5.5700e-06	0.10268	vapor
153.00	2.0000	0.31656	3.1590	1307.2	1939.0	41.468	8.5420	12.688	969.30	0.034145	5.5958e-06	0.10334	vapor
154.00	2.0000	0.31450	3.1796	1315.7	1951.6	41.551	8.5652	12.711	972.03	0.033122	5.6215e-06	0.10400	vapor
155.00	2.0000	0.31247	3.2003	1324.3	1964.4	41.633	8.5882	12.733	974.75	0.032117	5.6472e-06	0.10466	vapor
156.00	2.0000	0.31046	3.2210	1332.9	1977.1	41.715	8.6110	12.756	977.46	0.031129	5.6728e-06	0.10532	vapor
157.00	2.0000	0.30848	3.2417	1341.6	1989.9	41.797	8.6336	12.778	980.17	0.030158	5.6984e-06	0.10598	vapor
158.00	2.0000	0.30653	3.2623	1350.2	2002.7	41.878	8.6560	12.800	982.87	0.029204	5.7239e-06	0.10663	vapor
159.00	2.0000	0.30460	3.2830	1358.9	2015.5	41.959	8.6782	12.822	985.56	0.028266	5.7494e-06	0.10729	vapor
160.00	2.0000	0.30269	3.3037	1367.6	2028.3	42.039	8.7001	12.844	988.25	0.027343	5.7747e-06	0.10794	vapor
161.00	2.0000	0.30081	3.3243	1376.3	2041.2	42.119	8.7218	12.865	990.93	0.026436	5.8001e-06	0.10860	vapor
162.00	2.0000	0.29895	3.3450	1385.0	2054.0	42.199	8.7433	12.886	993.60	0.025545	5.8254e-06	0.10925	vapor
163.00	2.0000	0.29712	3.3657	1393.8	2066.9	42.279	8.7646	12.907	996.27	0.024668	5.8506e-06	0.10990	vapor
164.00	2.0000	0.29530	3.3864	1402.6	2079.9	42.358	8.7857	12.928	998.93	0.023805	5.8758e-06	0.11055	vapor
165.00	2.0000	0.29351	3.4070	1411.4	2092.8	42.436	8.8065	12.949	1001.6	0.022956	5.9009e-06	0.11120	vapor
166.00	2.0000	0.29174	3.4277	1420.2	2105.8	42.514	8.8272	12.969	1004.2	0.022122	5.9260e-06	0.11185	vapor
167.00	2.0000	0.28999	3.4484	1429.1	2118.7	42.592	8.8476	12.989	1006.9	0.021300	5.9510e-06	0.11250	vapor
168.00	2.0000	0.28827	3.4690	1437.9	2131.7	42.670	8.8678	13.009	1009.5	0.020492	5.9759e-06	0.11315	vapor
169.00	2.0000	0.28656	3.4897	1446.8	2144.8	42.747	8.8878	13.029	1012.2	0.019697	6.0008e-06	0.11379	vapor
170.00	2.0000	0.28487	3.5103	1455.7	2157.8	42.824	8.9076	13.049	1014.8	0.018914	6.0257e-06	0.11444	vapor
171.00	2.0000	0.28321	3.5310	1464.7	2170.9	42.901	8.9272	13.068	1017.4	0.018144	6.0505e-06	0.11508	vapor
172.00	2.0000	0.28156	3.5517	1473.6	2183.9	42.977	8.9466	13.087	1020.0	0.017385	6.0753e-06	0.11573	vapor
173.00	2.0000	0.27993	3.5723	1482.6	2197.0	43.053	8.9658	13.106	1022.6	0.016639	6.1000e-06	0.11637	vapor
174.00	2.0000	0.27832	3.5930	1491.5	2210.1	43.129	8.9847	13.125	1025.2	0.015903	6.1246e-06	0.11701	vapor
175.00	2.0000	0.27673	3.6137	1500.5	2223.3	43.204	9.0035	13.143	1027.8	0.015179	6.1492e-06	0.11765	vapor
176.00	2.0000	0.27515	3.6343	1509.6	2236.4	43.279	9.0220	13.162	1030.4	0.014466	6.1738e-06	0.11828	vapor
177.00	2.0000	0.27360	3.6550	1518.6	2249.6	43.353	9.0404	13.180	1033.0	0.013764	6.1983e-06	0.11892	vapor
178.00	2.0000	0.27206	3.6756	1527.7	2262.8	43.428	9.0585	13.198	1035.6	0.013073	6.2227e-06	0.11955	vapor
179.00	2.0000	0.27054	3.6963	1536.7	2276.0	43.502	9.0765	13.216	1038.2	0.012391	6.2472e-06	0.12019	vapor
180.00	2.0000	0.26904	3.7170	1545.8	2289.2	43.575	9.0942	13.233	1040.7	0.011720	6.2715e-06	0.12082	vapor
181.00	2.0000	0.26755	3.7376	1554.9	2302.5	43.649	9.1118	13.250	1043.3	0.011059	6.2958e-06	0.12145	vapor
182.00	2.0000	0.26608	3.7583	1564.1	2315.7	43.722	9.1291	13.268	1045.9	0.010407	6.3201e-06	0.12208	vapor
183.00	2.0000	0.26463	3.7789	1573.2	2329.0	43.795	9.1463	13.285	1048.4	0.0097653	6.3443e-06	0.12271	vapor
184.00	2.0000	0.26319	3.7996	1582.4	2342.3	43.867	9.1632	13.301	1051.0	0.0091324	6.3685e-06	0.12334	vapor
185.00	2.0000	0.26176	3.8202	1591.6	2355.6	43.939	9.1800	13.318	1053.5	0.0085086	6.3927e-06	0.12396	vapor
186.00	2.0000	0.26036	3.8409	1600.7	2368.9	44.011	9.1966	13.334	1056.1	0.0078938	6.4168e-06	0.12459	vapor
187.00	2.0000	0.25896	3.8616	1610.0	2382.3	44.083	9.2130	13.351	1058.6	0.0072876	6.4408e-06	0.12521	vapor
188.00	2.0000	0.25759	3.8822	1619.2	2395.6	44.154	9.2292	13.367	1061.1	0.0066900	6.4648e-06	0.12583	vapor
189.00	2.0000	0.25622	3.9029	1628.4	2409.0	44.225	9.2452	13.383	1063.7	0.0061008	6.4888e-06	0.12645	vapor
190.00	2.0000	0.25487	3.9235	1637.7	2422.4	44.295	9.2610	13.398	1066.2	0.0055198	6.5127e-06	0.12707	vapor
191.00	2.0000	0.25354	3.9442	1647.0	2435.8	44.366	9.2767	13.414	1068.7	0.0049468	6.5366e-06	0.12769	vapor
192.00	2.0000	0.25222	3.9648	1656.3	2449.2	44.436	9.2921	13.429	1071.2	0.0043817	6.5604e-06	0.12831	vapor
193.00	2.0000	0.25091	3.9855	1665.6	2462.7	44.506	9.3074	13.444	1073.7	0.0038243	6.5842e-06	0.12892	vapor
194.00	2.0000	0.24962	4.0061	1674.9	2476.1	44.575	9.3225	13.459	1076.2	0.0032744	6.6079e-06	0.12953	vapor
195.00	2.0000	0.24834	4.0268	1684.2	2489.6	44.644	9.3375	13.474	1078.7	0.0027320	6.6316e-06	0.13015	vapor
196.00	2.0000	0.24707	4.0474	1693.6	2503.1	44.713	9.3522	13.488	1081.2	0.0021969	6.6553e-06	0.13076	vapor
197.00	2.0000	0.24582	4.0681	1702.9	2516.6	44.782	9.3668	13.503	1083.7	0.0016689	6.6789e-06	0.13136	vapor
198.00	2.0000	0.24457	4.0887	1712.3	2530.1	44.850	9.3812	13.517	1086.2	0.0011479	6.7025e-06	0.13197	vapor
199.00	2.0000	0.24335	4.1094	1721.7	2543.6	44.919	9.3954	13.531	1088.7	0.00063373	6.7260e-06	0.13258	vapor
200.00	2.0000	0.24213	4.1300	1731.1	2557.1	44.986	9.4095	13.545	1091.2	0.00012630	6.7495e-06	0.13318	vapor
201.00	2.0000	0.24092	4.1507	1740.5	2570.7	45.054	9.4234	13.559	1093.6	-0.00037452	6.7730e-06	0.13379	vapor
202.00	2.0000	0.23973	4.1713	1750.0	2584.2	45.121	9.4371	13.572	1096.1	-0.00086888	6.7964e-06	0.13439	vapor
203.00	2.0000	0.23855	4.1920	1759.4	2597.8	45.188	9.4506	13.586	1098.6	-0.0013569	6.8198e-06	0.13499	vapor
204.00	2.0000	0.23738	4.2126	1768.9	2611.4	45.255	9.4640	13.599	1101.0	-0.0018386	6.8432e-06	0.13559	vapor
205.00	2.0000	0.23622	4.2333	1778.4	2625.0	45.322	9.4773	13.612	1103.5	-0.0023143	6.8665e-06	0.13618	vapor
206.00	2.0000	0.23508	4.2539	1787.9	2638.6	45.388	9.4903	13.625	1105.9	-0.0027840	6.8897e-06	0.13678	vapor
207.00	2.0000	0.23394	4.2746	1797.4	2652.3	45.454	9.5032	13.638	1108.4	-0.0032477	6.9130e-06	0.13737	vapor
208.00	2.0000	0.23282	4.2952	1806.9	2665.9	45.520	9.5160	13.651	1110.8	-0.0037057	6.9362e-06	0.13797	vapor
209.00	2.0000	0.23170	4.3159	1816.4	2679.6	45.585	9.5286	13.663	1113.3	-0.0041580	6.9593e-06	0.13856	vapor
210.00	2.0000	0.23060	4.3365	1825.9	2693.2	45.651	9.5410	13.675	1115.7	-0.0046047	6.9824e-06	0.13915	vapor
211.00	2.0000	0.22951	4.3572	1835.5	2706.9	45.716	9.5533	13.688	1118.1	-0.0050460	7.0055e-06	0.13973	vapor
212.00	2.0000	0.22842	4.3778	1845.1	2720.6	45.780	9.5654	13.700	1120.6	-0.0054819	7.0286e-06	0.14032	vapor
213.00	2.0000	0.22735	4.3985	1854.6	2734.3	45.845	9.5774	13.711	1123.0	-0.0059125	7.0516e-06	0.14091	vapor
214.00	2.0000	0.22629	4.4191	1864.2	2748.0	45.909	9.5892	13.723	1125.4	-0.0063379	7.0746e-06	0.14149	vapor
215.00	2.0000	0.22524	4.4398	1873.8	2761.8	45.973	9.6009	13.735	1127.8	-0.0067583	7.0975e-06	0.14207	vapor
216.00	2.0000	0.22420	4.4604	1883.4	2775.5	46.037	9.6125	13.746	1130.2	-0.0071736	7.1204e-06	0.14265	vapor
217.00	2.0000	0.22316	4.4810	1893.0	2789.3	46.100	9.6239	13.757	1132.6	-0.0075841	7.1433e-06	0.14323	vapor
218.00	2.0000	0.22214	4.5017	1902.7	2803.0	46.164	9.6351	13.769	1135.0	-0.0079897	7.1661e-06	0.14381	vapor
219.00	2.0000	0.22112	4.5223	1912.3	2816.8	46.227	9.6462	13.780	1137.4	-0.0083906	7.1889e-06	0.14439	vapor
220.00	2.0000	0.22012	4.5430	1922.0	2830.6	46.289	9.6572	13.790	1139.8	-0.0087868	7.2117e-06	0.14496	vapor
221.00	2.0000	0.21912	4.5636	1931.7	2844.4	46.352	9.6680	13.801	1142.2	-0.0091784	7.2344e-06	0.14554	vapor
222.00	2.0000	0.21814	4.5843	1941.3	2858.2	46.414	9.6787	13.812	1144.6	-0.0095656	7.2571e-06	0.14611	vapor
223.00	2.0000	0.21716	4.6049	1951.0	2872.0	46.476	9.6892	13.822	1147.0	-0.0099483	7.2798e-06	0.14668	vapor
224.00	2.0000	0.21619	4.6256	1960.7	2885.8	46.538	9.6996	13.833	1149.4	-0.010327	7.3024e-06	0.14725	vapor
225.00	2.0000	0.21523	4.6462	1970.4	2899.7	46.600	9.7099	13.843	1151.7	-0.010701	7.3250e-06	0.14782	vapor
226.00	2.0000	0.21428	4.6668	1980.1	2913.5	46.661	9.7201	13.853	1154.1	-0.011071	7.3476e-06	0.14838	vapor
227.00	2.0000	0.21333	4.6875	1989.9	2927.4	46.722	9.7301	13.863	1156.5	-0.011436	7.3701e-06	0.14895	vapor
228.00	2.0000	0.21240	4.7081	1999.6	2941.2	46.783	9.7400	13.873	1158.8	-0.011798	7.3926e-06	0.14951	vapor
229.00	2.0000	0.21147	4.7288	2009.4	2955.1	46.844	9.7497	13.882	1161.2	-0.012156	7.4150e-06	0.15008	vapor
230.00	2.0000	0.21055	4.7494	2019.1	2969.0	46.905	9.7594	13.892	1163.6	-0.012510	7.4375e-06	0.15064	vapor
231.00	2.0000	0.20964	4.7701	2028.9	2982.9	46.965	9.7689	13.901	1165.9	-0.012860	7.4599e-06	0.15120	vapor
232.00	2.0000	0.20874	4.7907	2038.7	2996.8	47.025	9.7783	13.910	1168.3	-0.013206	7.4823e-06	0.15175	vapor
233.00	2.0000	0.20784	4.8113	2048.5	3010.7	47.085	9.7875	13.920	1170.6	-0.013548	7.5046e-06	0.15231	vapor
234.00	2.0000	0.20695	4.8320	2058.2	3024.6	47.145	9.7966	13.929	1172.9	-0.013887	7.5269e-06	0.15287	vapor
235.00	2.0000	0.20607	4.8526	2068.1	3038.6	47.204	9.8057	13.938	1175.3	-0.014222	7.5492e-06	0.15342	vapor
236.00	2.0000	0.20520	4.8733	2077.9	3052.5	47.263	9.8146	13.946	1177.6	-0.014554	7.5714e-06	0.15397	vapor
237.00	2.0000	0.20434	4.8939	2087.7	3066.5	47.322	9.8233	13.955	1180.0	-0.014882	7.5936e-06	0.15452	vapor
238.00	2.0000	0.20348	4.9145	2097.5	3080.4	47.381	9.8320	13.964	1182.3	-0.015206	7.6158e-06	0.15507	vapor
239.00	2.0000	0.20263	4.9352	2107.4	3094.4	47.439	9.8405	13.972	1184.6	-0.015527	7.6380e-06	0.15562	vapor
240.00	2.0000	0.20178	4.9558	2117.2	3108.4	47.498	9.8490	13.981	1186.9	-0.015845	7.6601e-06	0.15617	vapor
241.00	2.0000	0.20095	4.9765	2127.1	3122.4	47.556	9.8573	13.989	1189.2	-0.016160	7.6822e-06	0.15672	vapor
242.00	2.0000	0.20012	4.9971	2136.9	3136.4	47.614	9.8655	13.997	1191.6	-0.016471	7.7043e-06	0.15726	vapor
243.00	2.0000	0.19929	5.0177	2146.8	3150.4	47.672	9.8736	14.005	1193.9	-0.016779	7.7263e-06	0.15780	vapor
244.00	2.0000	0.19848	5.0384	2156.7	3164.4	47.729	9.8816	14.013	1196.2	-0.017084	7.7483e-06	0.15835	vapor
245.00	2.0000	0.19767	5.0590	2166.6	3178.4	47.787	9.8895	14.021	1198.5	-0.017386	7.7703e-06	0.15889	vapor
246.00	2.0000	0.19686	5.0797	2176.5	3192.4	47.844	9.8972	14.028	1200.8	-0.017685	7.7922e-06	0.15943	vapor
247.00	2.0000	0.19607	5.1003	2186.4	3206.4	47.901	9.9049	14.036	1203.1	-0.017981	7.8142e-06	0.15997	vapor
248.00	2.0000	0.19528	5.1209	2196.3	3220.5	47.957	9.9125	14.043	1205.4	-0.018274	7.8360e-06	0.16050	vapor
249.00	2.0000	0.19449	5.1416	2206.2	3234.5	48.014	9.9199	14.051	1207.6	-0.018564	7.8579e-06	0.16104	vapor
250.00	2.0000	0.19372	5.1622	2216.1	3248.6	48.070	9.9273	14.058	1209.9	-0.018851	7.8797e-06	0.16157	vapor
251.00	2.0000	0.19294	5.1829	2226.1	3262.6	48.126	9.9345	14.065	1212.2	-0.019136	7.9015e-06	0.16211	vapor
252.00	2.0000	0.19218	5.2035	2236.0	3276.7	48.182	9.9417	14.072	1214.5	-0.019418	7.9233e-06	0.16264	vapor
253.00	2.0000	0.19142	5.2241	2246.0	3290.8	48.238	9.9487	14.079	1216.8	-0.019696	7.9451e-06	0.16317	vapor
254.00	2.0000	0.19067	5.2448	2255.9	3304.9	48.294	9.9557	14.086	1219.0	-0.019973	7.9668e-06	0.16370	vapor
255.00	2.0000	0.18992	5.2654	2265.9	3319.0	48.349	9.9625	14.093	1221.3	-0.020246	7.9885e-06	0.16422	vapor
256.00	2.0000	0.18918	5.2860	2275.8	3333.1	48.404	9.9693	14.100	1223.6	-0.020517	8.0102e-06	0.16475	vapor
257.00	2.0000	0.18844	5.3067	2285.8	3347.2	48.459	9.9760	14.106	1225.8	-0.020785	8.0318e-06	0.16528	vapor
258.00	2.0000	0.18771	5.3273	2295.8	3361.3	48.514	9.9825	14.113	1228.1	-0.021051	8.0534e-06	0.16580	vapor
259.00	2.0000	0.18699	5.3480	2305.8	3375.4	48.568	9.9890	14.119	1230.3	-0.021315	8.0750e-06	0.16633	vapor
260.00	2.0000	0.18627	5.3686	2315.8	3389.5	48.623	9.9954	14.126	1232.6	-0.021575	8.0966e-06	0.16685	vapor
261.00	2.0000	0.18556	5.3892	2325.8	3403.6	48.677	10.002	14.132	1234.8	-0.021834	8.1181e-06	0.16737	vapor
262.00	2.0000	0.18485	5.4099	2335.8	3417.8	48.731	10.008	14.138	1237.1	-0.022090	8.1396e-06	0.16789	vapor
263.00	2.0000	0.18415	5.4305	2345.8	3431.9	48.785	10.014	14.144	1239.3	-0.022344	8.1611e-06	0.16841	vapor
264.00	2.0000	0.18345	5.4511	2355.8	3446.1	48.839	10.020	14.150	1241.6	-0.022595	8.1826e-06	0.16892	vapor
265.00	2.0000	0.18276	5.4718	2365.9	3460.2	48.892	10.026	14.156	1243.8	-0.022844	8.2040e-06	0.16944	vapor
266.00	2.0000	0.18207	5.4924	2375.9	3474.4	48.946	10.032	14.162	1246.0	-0.023091	8.2254e-06	0.16995	vapor
267.00	2.0000	0.18139	5.5130	2385.9	3488.5	48.999	10.038	14.167	1248.3	-0.023335	8.2468e-06	0.17047	vapor
268.00	2.0000	0.18071	5.5337	2396.0	3502.7	49.052	10.043	14.173	1250.5	-0.023578	8.2681e-06	0.17098	vapor
269.00	2.0000	0.18004	5.5543	2406.0	3516.9	49.104	10.049	14.179	1252.7	-0.023818	8.2895e-06	0.17149	vapor
270.00	2.0000	0.17937	5.5749	2416.1	3531.1	49.157	10.055	14.184	1254.9	-0.024056	8.3108e-06	0.17200	vapor
271.00	2.0000	0.17871	5.5956	2426.1	3545.2	49.210	10.060	14.190	1257.2	-0.024292	8.3321e-06	0.17251	vapor
272.00	2.0000	0.17806	5.6162	2436.2	3559.4	49.262	10.065	14.195	1259.4	-0.024526	8.3533e-06	0.17302	vapor
273.00	2.0000	0.17740	5.6369	2446.3	3573.6	49.314	10.071	14.200	1261.6	-0.024757	8.3746e-06	0.17353	vapor
274.00	2.0000	0.17676	5.6575	2456.3	3587.8	49.366	10.076	14.205	1263.8	-0.024987	8.3958e-06	0.17403	vapor
275.00	2.0000	0.17611	5.6781	2466.4	3602.0	49.418	10.081	14.210	1266.0	-0.025215	8.4169e-06	0.17454	vapor
276.00	2.0000	0.17548	5.6988	2476.5	3616.3	49.469	10.086	14.215	1268.2	-0.025441	8.4381e-06	0.17504	vapor
277.00	2.0000	0.17484	5.7194	2486.6	3630.5	49.521	10.091	14.220	1270.4	-0.025664	8.4592e-06	0.17555	vapor
278.00	2.0000	0.17422	5.7400	2496.7	3644.7	49.572	10.096	14.225	1272.6	-0.025886	8.4803e-06	0.17605	vapor
279.00	2.0000	0.17359	5.7607	2506.8	3658.9	49.623	10.101	14.230	1274.8	-0.026106	8.5014e-06	0.17655	vapor
280.00	2.0000	0.17297	5.7813	2516.9	3673.2	49.674	10.106	14.235	1277.0	-0.026324	8.5225e-06	0.17705	vapor
281.00	2.0000	0.17236	5.8019	2527.0	3687.4	49.725	10.110	14.239	1279.2	-0.026541	8.5435e-06	0.17755	vapor
282.00	2.0000	0.17175	5.8226	2537.1	3701.6	49.775	10.115	14.244	1281.4	-0.026755	8.5646e-06	0.17804	vapor
283.00	2.0000	0.17114	5.8432	2547.2	3715.9	49.826	10.119	14.248	1283.5	-0.026968	8.5856e-06	0.17854	vapor
284.00	2.0000	0.17054	5.8638	2557.4	3730.1	49.876	10.124	14.253	1285.7	-0.027179	8.6065e-06	0.17904	vapor
285.00	2.0000	0.16994	5.8845	2567.5	3744.4	49.926	10.128	14.257	1287.9	-0.027388	8.6275e-06	0.17953	vapor
286.00	2.0000	0.16935	5.9051	2577.6	3758.6	49.976	10.133	14.262	1290.1	-0.027595	8.6484e-06	0.18002	vapor
287.00	2.0000	0.16876	5.9257	2587.8	3772.9	50.026	10.137	14.266	1292.2	-0.027801	8.6693e-06	0.18052	vapor
288.00	2.0000	0.16817	5.9464	2597.9	3787.2	50.075	10.141	14.270	1294.4	-0.028005	8.6902e-06	0.18101	vapor
289.00	2.0000	0.16759	5.9670	2608.1	3801.5	50.125	10.145	14.274	1296.6	-0.028207	8.7110e-06	0.18150	vapor
290.00	2.0000	0.16701	5.9876	2618.2	3815.7	50.174	10.150	14.278	1298.7	-0.028407	8.7319e-06	0.18199	vapor
291.00	2.0000	0.16644	6.0083	2628.4	3830.0	50.223	10.154	14.282	1300.9	-0.028607	8.7527e-06	0.18248	vapor
292.00	2.0000	0.16587	6.0289	2638.5	3844.3	50.272	10.158	14.286	1303.0	-0.028804	8.7735e-06	0.18296	vapor
293.00	2.0000	0.16530	6.0495	2648.7	3858.6	50.321	10.161	14.290	1305.2	-0.029000	8.7942e-06	0.18345	vapor
294.00	2.0000	0.16474	6.0702	2658.8	3872.9	50.370	10.165	14.294	1307.3	-0.029194	8.8150e-06	0.18394	vapor
295.00	2.0000	0.16418	6.0908	2669.0	3887.2	50.418	10.169	14.298	1309.5	-0.029387	8.8357e-06	0.18442	vapor
296.00	2.0000	0.16363	6.1114	2679.2	3901.5	50.467	10.173	14.301	1311.6	-0.029578	8.8564e-06	0.18491	vapor
297.00	2.0000	0.16308	6.1321	2689.4	3915.8	50.515	10.176	14.305	1313.8	-0.029767	8.8771e-06	0.18539	vapor
298.00	2.0000	0.16253	6.1527	2699.5	3930.1	50.563	10.180	14.309	1315.9	-0.029956	8.8978e-06	0.18587	vapor
299.00	2.0000	0.16199	6.1733	2709.7	3944.4	50.611	10.184	14.312	1318.0	-0.030142	8.9184e-06	0.18635	vapor
300.00	2.0000	0.16145	6.1940	2719.9	3958.7	50.659	10.187	14.316	1320.2	-0.030327	8.9390e-06	0.18683	vapor
301.00	2.0000	0.16091	6.2146	2730.1	3973.0	50.707	10.191	14.319	1322.3	-0.030511	8.9596e-06	0.18731	vapor
302.00	2.0000	0.16038	6.2352	2740.3	3987.3	50.754	10.194	14.322	1324.4	-0.030694	8.9802e-06	0.18779	vapor
303.00	2.0000	0.15985	6.2559	2750.5	4001.7	50.801	10.197	14.326	1326.5	-0.030874	9.0007e-06	0.18827	vapor
304.00	2.0000	0.15932	6.2765	2760.7	4016.0	50.849	10.201	14.329	1328.7	-0.031054	9.0213e-06	0.18874	vapor
305.00	2.0000	0.15880	6.2971	2770.9	4030.3	50.896	10.204	14.332	1330.8	-0.031232	9.0418e-06	0.18922	vapor
306.00	2.0000	0.15828	6.3177	2781.1	4044.7	50.943	10.207	14.335	1332.9	-0.031409	9.0623e-06	0.18969	vapor
307.00	2.0000	0.15777	6.3384	2791.3	4059.0	50.989	10.210	14.338	1335.0	-0.031584	9.0827e-06	0.19017	vapor
308.00	2.0000	0.15726	6.3590	2801.5	4073.3	51.036	10.213	14.341	1337.1	-0.031759	9.1032e-06	0.19064	vapor
309.00	2.0000	0.15675	6.3796	2811.7	4087.7	51.082	10.216	14.344	1339.2	-0.031931	9.1236e-06	0.19111	vapor
310.00	2.0000	0.15624	6.4003	2822.0	4102.0	51.129	10.219	14.347	1341.3	-0.032103	9.1440e-06	0.19158	vapor
311.00	2.0000	0.15574	6.4209	2832.2	4116.4	51.175	10.222	14.350	1343.4	-0.032273	9.1644e-06	0.19205	vapor
312.00	2.0000	0.15524	6.4415	2842.4	4130.7	51.221	10.225	14.353	1345.5	-0.032442	9.1848e-06	0.19252	vapor
313.00	2.0000	0.15475	6.4622	2852.6	4145.1	51.267	10.228	14.356	1347.6	-0.032610	9.2051e-06	0.19299	vapor
314.00	2.0000	0.15425	6.4828	2862.9	4159.4	51.313	10.231	14.359	1349.7	-0.032776	9.2255e-06	0.19346	vapor
315.00	2.0000	0.15377	6.5034	2873.1	4173.8	51.358	10.234	14.361	1351.8	-0.032941	9.2458e-06	0.19393	vapor
316.00	2.0000	0.15328	6.5241	2883.3	4188.2	51.404	10.236	14.364	1353.9	-0.033105	9.2661e-06	0.19439	vapor
317.00	2.0000	0.15280	6.5447	2893.6	4202.5	51.449	10.239	14.367	1356.0	-0.033268	9.2863e-06	0.19486	vapor
318.00	2.0000	0.15232	6.5653	2903.8	4216.9	51.495	10.242	14.369	1358.1	-0.033430	9.3066e-06	0.19533	vapor
319.00	2.0000	0.15184	6.5859	2914.1	4231.3	51.540	10.244	14.372	1360.2	-0.033590	9.3268e-06	0.19579	vapor
320.00	2.0000	0.15136	6.6066	2924.3	4245.6	51.585	10.247	14.374	1362.2	-0.033749	9.3470e-06	0.19625	vapor
321.00	2.0000	0.15089	6.6272	2934.6	4260.0	51.630	10.249	14.377	1364.3	-0.033907	9.3672e-06	0.19671	vapor
322.00	2.0000	0.15042	6.6478	2944.8	4274.4	51.674	10.252	14.379	1366.4	-0.034064	9.3874e-06	0.19718	vapor
323.00	2.0000	0.14996	6.6685	2955.1	4288.8	51.719	10.254	14.382	1368.4	-0.034220	9.4076e-06	0.19764	vapor
324.00	2.0000	0.14950	6.6891	2965.3	4303.1	51.763	10.256	14.384	1370.5	-0.034375	9.4277e-06	0.19810	vapor
325.00	2.0000	0.14904	6.7097	2975.6	4317.5	51.808	10.259	14.386	1372.6	-0.034529	9.4478e-06	0.19856	vapor
326.00	2.0000	0.14858	6.7304	2985.8	4331.9	51.852	10.261	14.388	1374.6	-0.034681	9.4679e-06	0.19902	vapor
327.00	2.0000	0.14813	6.7510	2996.1	4346.3	51.896	10.263	14.391	1376.7	-0.034832	9.4880e-06	0.19947	vapor
328.00	2.0000	0.14768	6.7716	3006.4	4360.7	51.940	10.265	14.393	1378.8	-0.034983	9.5081e-06	0.19993	vapor
329.00	2.0000	0.14723	6.7923	3016.6	4375.1	51.984	10.268	14.395	1380.8	-0.035132	9.5281e-06	0.20039	vapor
330.00	2.0000	0.14678	6.8129	3026.9	4389.5	52.027	10.270	14.397	1382.9	-0.035280	9.5481e-06	0.20084	vapor
331.00	2.0000	0.14634	6.8335	3037.2	4403.9	52.071	10.272	14.399	1384.9	-0.035428	9.5682e-06	0.20130	vapor
332.00	2.0000	0.14590	6.8541	3047.5	4418.3	52.114	10.274	14.401	1387.0	-0.035574	9.5881e-06	0.20175	vapor
333.00	2.0000	0.14546	6.8748	3057.7	4432.7	52.158	10.276	14.403	1389.0	-0.035719	9.6081e-06	0.20220	vapor
334.00	2.0000	0.14502	6.8954	3068.0	4447.1	52.201	10.278	14.405	1391.0	-0.035863	9.6281e-06	0.20266	vapor
335.00	2.0000	0.14459	6.9160	3078.3	4461.5	52.244	10.280	14.407	1393.1	-0.036006	9.6480e-06	0.20311	vapor
336.00	2.0000	0.14416	6.9367	3088.6	4475.9	52.287	10.282	14.409	1395.1	-0.036148	9.6679e-06	0.20356	vapor
337.00	2.0000	0.14373	6.9573	3098.9	4490.3	52.330	10.284	14.411	1397.1	-0.036290	9.6878e-06	0.20401	vapor
338.00	2.0000	0.14331	6.9779	3109.2	4504.7	52.372	10.286	14.413	1399.2	-0.036430	9.7077e-06	0.20446	vapor
339.00	2.0000	0.14289	6.9985	3119.4	4519.1	52.415	10.287	14.415	1401.2	-0.036569	9.7276e-06	0.20491	vapor
340.00	2.0000	0.14247	7.0192	3129.7	4533.6	52.458	10.289	14.416	1403.2	-0.036707	9.7474e-06	0.20536	vapor
341.00	2.0000	0.14205	7.0398	3140.0	4548.0	52.500	10.291	14.418	1405.3	-0.036845	9.7672e-06	0.20581	vapor
342.00	2.0000	0.14163	7.0604	3150.3	4562.4	52.542	10.293	14.420	1407.3	-0.036981	9.7871e-06	0.20625	vapor
343.00	2.0000	0.14122	7.0811	3160.6	4576.8	52.584	10.294	14.421	1409.3	-0.037117	9.8068e-06	0.20670	vapor
344.00	2.0000	0.14081	7.1017	3170.9	4591.2	52.626	10.296	14.423	1411.3	-0.037251	9.8266e-06	0.20715	vapor
345.00	2.0000	0.14040	7.1223	3181.2	4605.7	52.668	10.298	14.425	1413.3	-0.037385	9.8464e-06	0.20759	vapor
346.00	2.0000	0.14000	7.1429	3191.5	4620.1	52.710	10.299	14.426	1415.3	-0.037518	9.8661e-06	0.20804	vapor
347.00	2.0000	0.13960	7.1636	3201.8	4634.5	52.751	10.301	14.428	1417.3	-0.037650	9.8859e-06	0.20848	vapor
348.00	2.0000	0.13919	7.1842	3212.1	4648.9	52.793	10.303	14.429	1419.3	-0.037781	9.9056e-06	0.20892	vapor
349.00	2.0000	0.13880	7.2048	3222.4	4663.4	52.834	10.304	14.431	1421.3	-0.037911	9.9253e-06	0.20937	vapor
350.00	2.0000	0.13840	7.2255	3232.7	4677.8	52.876	10.306	14.432	1423.3	-0.038040	9.9449e-06	0.20981	vapor
351.00	2.0000	0.13801	7.2461	3243.0	4692.2	52.917	10.307	14.434	1425.3	-0.038169	9.9646e-06	0.21025	vapor
352.00	2.0000	0.13761	7.2667	3253.3	4706.7	52.958	10.309	14.435	1427.3	-0.038296	9.9842e-06	0.21069	vapor
353.00	2.0000	0.13722	7.2873	3263.6	4721.1	52.999	10.310	14.437	1429.3	-0.038423	1.0004e-05	0.21113	vapor
354.00	2.0000	0.13684	7.3080	3274.0	4735.6	53.040	10.311	14.438	1431.3	-0.038549	1.0023e-05	0.21157	vapor
355.00	2.0000	0.13645	7.3286	3284.3	4750.0	53.080	10.313	14.440	1433.3	-0.038674	1.0043e-05	0.21201	vapor
356.00	2.0000	0.13607	7.3492	3294.6	4764.4	53.121	10.314	14.441	1435.3	-0.038798	1.0063e-05	0.21245	vapor
357.00	2.0000	0.13569	7.3699	3304.9	4778.9	53.162	10.315	14.442	1437.3	-0.038922	1.0082e-05	0.21289	vapor
358.00	2.0000	0.13531	7.3905	3315.2	4793.3	53.202	10.317	14.443	1439.3	-0.039045	1.0102e-05	0.21332	vapor
359.00	2.0000	0.13493	7.4111	3325.5	4807.8	53.242	10.318	14.445	1441.2	-0.039167	1.0121e-05	0.21376	vapor
360.00	2.0000	0.13456	7.4317	3335.9	4822.2	53.282	10.319	14.446	1443.2	-0.039288	1.0141e-05	0.21420	vapor
361.00	2.0000	0.13419	7.4524	3346.2	4836.7	53.323	10.320	14.447	1445.2	-0.039408	1.0160e-05	0.21463	vapor
362.00	2.0000	0.13382	7.4730	3356.5	4851.1	53.362	10.322	14.448	1447.2	-0.039528	1.0180e-05	0.21507	vapor
363.00	2.0000	0.13345	7.4936	3366.8	4865.5	53.402	10.323	14.450	1449.1	-0.039646	1.0199e-05	0.21550	vapor
364.00	2.0000	0.13308	7.5143	3377.1	4880.0	53.442	10.324	14.451	1451.1	-0.039764	1.0219e-05	0.21593	vapor
365.00	2.0000	0.13272	7.5349	3387.5	4894.4	53.482	10.325	14.452	1453.1	-0.039882	1.0238e-05	0.21637	vapor
366.00	2.0000	0.13235	7.5555	3397.8	4908.9	53.521	10.326	14.453	1455.0	-0.039998	1.0258e-05	0.21680	vapor
367.00	2.0000	0.13199	7.5761	3408.1	4923.4	53.561	10.327	14.454	1457.0	-0.040114	1.0277e-05	0.21723	vapor
368.00	2.0000	0.13163	7.5968	3418.5	4937.8	53.600	10.329	14.455	1459.0	-0.040229	1.0296e-05	0.21766	vapor
369.00	2.0000	0.13128	7.6174	3428.8	4952.3	53.639	10.330	14.456	1460.9	-0.040343	1.0316e-05	0.21809	vapor
370.00	2.0000	0.13092	7.6380	3439.1	4966.7	53.678	10.331	14.457	1462.9	-0.040457	1.0335e-05	0.21853	vapor
371.00	2.0000	0.13057	7.6586	3449.4	4981.2	53.717	10.332	14.458	1464.8	-0.040570	1.0354e-05	0.21896	vapor
372.00	2.0000	0.13022	7.6793	3459.8	4995.6	53.756	10.333	14.459	1466.8	-0.040682	1.0374e-05	0.21938	vapor
373.00	2.0000	0.12987	7.6999	3470.1	5010.1	53.795	10.334	14.460	1468.7	-0.040793	1.0393e-05	0.21981	vapor
374.00	2.0000	0.12952	7.7205	3480.5	5024.6	53.834	10.335	14.461	1470.6	-0.040904	1.0412e-05	0.22024	vapor
375.00	2.0000	0.12918	7.7412	3490.8	5039.0	53.872	10.336	14.462	1472.6	-0.041014	1.0432e-05	0.22067	vapor
376.00	2.0000	0.12884	7.7618	3501.1	5053.5	53.911	10.337	14.463	1474.5	-0.041124	1.0451e-05	0.22110	vapor
377.00	2.0000	0.12849	7.7824	3511.5	5067.9	53.949	10.338	14.464	1476.5	-0.041232	1.0470e-05	0.22152	vapor
378.00	2.0000	0.12816	7.8030	3521.8	5082.4	53.988	10.338	14.465	1478.4	-0.041340	1.0489e-05	0.22195	vapor
379.00	2.0000	0.12782	7.8237	3532.1	5096.9	54.026	10.339	14.466	1480.3	-0.041448	1.0509e-05	0.22238	vapor
380.00	2.0000	0.12748	7.8443	3542.5	5111.3	54.064	10.340	14.467	1482.3	-0.041554	1.0528e-05	0.22280	vapor
381.00	2.0000	0.12715	7.8649	3552.8	5125.8	54.102	10.341	14.467	1484.2	-0.041660	1.0547e-05	0.22323	vapor
382.00	2.0000	0.12681	7.8855	3563.2	5140.3	54.140	10.342	14.468	1486.1	-0.041766	1.0566e-05	0.22365	vapor
383.00	2.0000	0.12648	7.9062	3573.5	5154.7	54.178	10.343	14.469	1488.0	-0.041871	1.0585e-05	0.22407	vapor
384.00	2.0000	0.12615	7.9268	3583.9	5169.2	54.216	10.344	14.470	1490.0	-0.041975	1.0604e-05	0.22450	vapor
385.00	2.0000	0.12583	7.9474	3594.2	5183.7	54.253	10.344	14.471	1491.9	-0.042078	1.0623e-05	0.22492	vapor
386.00	2.0000	0.12550	7.9681	3604.5	5198.2	54.291	10.345	14.471	1493.8	-0.042181	1.0643e-05	0.22534	vapor
387.00	2.0000	0.12518	7.9887	3614.9	5212.6	54.328	10.346	14.472	1495.7	-0.042283	1.0662e-05	0.22576	vapor
388.00	2.0000	0.12485	8.0093	3625.2	5227.1	54.366	10.347	14.473	1497.6	-0.042385	1.0681e-05	0.22619	vapor
389.00	2.0000	0.12453	8.0299	3635.6	5241.6	54.403	10.347	14.474	1499.5	-0.042486	1.0700e-05	0.22661	vapor
390.00	2.0000	0.12421	8.0506	3645.9	5256.0	54.440	10.348	14.474	1501.4	-0.042586	1.0719e-05	0.22703	vapor
391.00	2.0000	0.12390	8.0712	3656.3	5270.5	54.477	10.349	14.475	1503.3	-0.042686	1.0738e-05	0.22745	vapor
392.00	2.0000	0.12358	8.0918	3666.6	5285.0	54.514	10.350	14.476	1505.2	-0.042785	1.0757e-05	0.22787	vapor
393.00	2.0000	0.12327	8.1124	3677.0	5299.5	54.551	10.350	14.476	1507.1	-0.042884	1.0776e-05	0.22829	vapor
394.00	2.0000	0.12295	8.1331	3687.3	5313.9	54.588	10.351	14.477	1509.0	-0.042981	1.0795e-05	0.22870	vapor
395.00	2.0000	0.12264	8.1537	3697.7	5328.4	54.624	10.352	14.478	1510.9	-0.043079	1.0814e-05	0.22912	vapor
396.00	2.0000	0.12233	8.1743	3708.0	5342.9	54.661	10.352	14.478	1512.8	-0.043176	1.0833e-05	0.22954	vapor
397.00	2.0000	0.12203	8.1949	3718.4	5357.4	54.697	10.353	14.479	1514.7	-0.043272	1.0852e-05	0.22996	vapor
398.00	2.0000	0.12172	8.2156	3728.7	5371.9	54.734	10.353	14.480	1516.6	-0.043367	1.0871e-05	0.23037	vapor
399.00	2.0000	0.12142	8.2362	3739.1	5386.3	54.770	10.354	14.480	1518.5	-0.043462	1.0890e-05	0.23079	vapor
400.00	2.0000	0.12111	8.2568	3749.5	5400.8	54.806	10.355	14.481	1520.4	-0.043557	1.0909e-05	0.23121	vapor